,local_ppl_cnt,vx,vy
0,1,6.123233995736766e-17,1.0
1,1,6.123233995736766e-17,1.0
2,3,-0.1717172906246286,0.7617466740546797
3,4,0.05714941299989823,0.625303277638832
4,5,-0.08564734109393067,0.8025427921148953
5,6,-0.6301607487672396,0.5142509313131522
6,8,-0.7906531807996757,0.4020358984544202
7,8,-0.7011487012503193,0.2882987022513269
8,9,-0.09620864110029215,0.014474355190665646
9,10,0.40273467089215603,-0.07539288854050567
10,10,0.3618123290034732,0.12879317825924627
11,11,0.5273399656518784,-0.13796766722799392
12,12,0.17123048903575103,0.03248627328798086
13,12,-0.15575547633632672,0.30523768822658726
14,12,-0.3683963072607962,0.38431915926310095
15,12,-0.6299873401381498,0.32473454598070944
16,13,-0.6372946677915212,0.40368532363463727
17,13,-0.8329366824164239,0.5533683069033871
18,15,-0.5135935545247104,0.8580336011781085
19,15,-0.7508648925742226,0.6604558373574279
20,14,-0.9431101119970372,0.11991914703520416
21,11,-0.870579242986499,0.4920282326056648
22,10,-0.8182740124390465,0.5748283574832606
23,10,-0.5717195888095723,0.8204490915172089
24,10,-0.556801759289052,0.8306454122263102
25,10,-0.579857943396103,0.8147175986072978
26,11,-0.47905087217327325,0.8777871392712622
27,9,-0.6884499387537149,0.7252838629323048
28,8,-0.6959512072599151,0.3137848003728239
29,8,-0.3776278326934765,0.9259574612125698
30,7,-0.41943661764061607,0.9077846241164254
31,6,-0.12432508821445344,0.8630896898962516
32,5,-0.5989105792225055,0.8008159077436979
33,6,-0.1635035144847324,0.9865427516084343
34,4,-0.3580289759893536,0.4570205773425051
35,4,-0.5871612377533092,0.8094699999876475
36,4,-0.9542873103119488,0.29889083187275317
37,5,-0.2585543170984117,0.4798149372426844
38,5,0.32286305599152243,0.41963367438639415
39,5,-0.09850933634616572,0.5415328473321167
40,5,0.12646802718509817,0.3720365504452287
41,4,0.4699681213788402,0.4002547664986448
42,4,0.04322436117269306,0.9990653905531973
43,4,0.31128940787075626,0.9503151606427596
44,4,-0.1669406428099132,0.985966947609408
45,4,0.30341263651180894,0.9528592613838378
46,4,0.3731319377691652,0.9277782908737561
47,4,0.4982118370436868,0.8670553416187198
48,2,0.44839633221135744,0.8938348445095448
49,2,0.5857810188442986,0.8104693689225617
50,1,0.30733674351025747,0.9516008228708664
51,2,0.2823136922939263,0.9593221456546129
52,2,-0.47498968609651665,0.8799913625155263
53,2,0.18109222519592216,0.9834661183658486
54,2,0.7243907259787483,0.6893896402731782
55,1,0.9007107902212562,0.4344192357377839
56,1,0.909029380598538,0.3886138901207052
57,2,0.9255878870761566,0.3785327770456557
58,3,0.9953874791136008,0.09593626229883573
59,4,0.999425256809237,0.03389920429435767
60,4,0.9971155699269607,-0.07589822270140732
61,4,0.6081308281762412,0.7938368193915416
62,4,0.9648341849115711,0.2628592696216442
63,6,0.7420177868346641,-0.5277490482950483
64,7,0.44290479315955433,-0.4063252075859744
65,6,0.5167144031662596,-0.8561578274830735
66,6,0.4523293219267787,-0.8161283035819208
67,8,0.34407631723109466,-0.6363036078917025
68,8,0.1667106702295409,-0.3110808747066463
69,8,0.07841699733636558,-0.26986364377721433
70,2,6.123233995736766e-17,1.0
71,3,0.32001710743177436,0.7534484711039228
72,3,0.5010206246886403,0.8654353434177533
73,3,0.3571917876830463,0.9340310630871917
74,5,0.5709182365384153,0.8210069227405248
75,6,0.34987421490099213,0.6131586921311268
76,6,0.27010241100876076,0.25650554150827326
77,6,0.4915188620302905,0.22366154580029995
78,5,0.07158920547153412,-0.30215141669143925
79,6,0.3983298468544714,-0.5927780472183571
80,5,0.26235419833276985,-0.32564672067422124
81,5,0.1874487651190249,-0.4220782692821727
82,5,0.4917552309823736,-0.6469180956065606
83,3,0.40040060865483845,-0.789085188776113
84,2,0.2007433625016475,-0.4483441346298878
85,3,0.07420866362277273,-0.23848568947449245
86,3,0.33611724232453954,-0.15767962707642505
87,2,0.28721009990003743,-0.06366112240375532
88,2,0.19041889800215003,0.027145093316089944
89,2,0.581673103955593,-0.09338622350029506
90,2,0.025130495441328223,0.11288521163916877
91,3,-0.40301569341729343,0.2561546836766668
92,3,-0.43593459370087895,0.1826274385820274
93,4,-0.5101386273498332,0.22506945089558011
94,5,-0.3169114194346908,0.5767395556296877
95,6,-0.27416345709132983,0.5465325257422463
96,7,-0.25062489744091065,0.9680842735953998
97,7,-0.24208109004689796,0.970256020770655
98,8,0.017324933298902317,0.9998499120799024
99,9,-0.01691125915041234,0.9569403956443377
100,9,0.09683225447289198,0.9621460056219948
101,11,0.014786531087362954,0.9998906732730346
102,10,-0.3111893207948738,0.9172811076493752
103,12,-0.27669825765044115,0.8940747521541115
104,14,-0.31143473291133633,0.747529392541261
105,15,-0.2919724551050783,0.956426727700514
106,16,-0.3234217065946896,0.9103837115256108
107,17,-0.35309777098920697,0.935586427927668
108,17,-0.3592655238326934,0.9332353847691484
109,19,0.023568699298140688,0.995191677627623
110,18,0.06593498386621816,0.9978239212920091
111,19,-0.33722862241224677,0.9414227829333314
112,19,-0.19500428958808605,0.599034613702332
113,19,-0.01647496911380338,0.4921082544119633
114,18,-0.22495655615698013,0.30461244150586453
115,18,-0.5868891454551491,0.8096672964538736
116,18,-0.9721919132098734,0.23418557574992951
117,16,-0.8835408036752594,0.46835419101453185
118,16,-0.2504578283996024,-0.17862263218526203
119,14,-0.5060887055334412,0.2843651599589732
120,12,-0.06683931002317255,0.5916894858361692
121,12,-0.386007233696239,0.5231527085394856
122,11,-0.26454428658152646,0.4136262742262771
123,10,0.1264738663739795,0.938771137475664
124,9,0.24949487555000052,0.9683761185997359
125,9,0.2917377320671324,0.9564983511163655
126,8,0.5659431107282182,0.8244442949158347
127,9,0.37249761440587975,0.9280331498723139
128,8,0.5135463275169155,0.8580618681038616
129,7,0.5842970651303381,0.810539417625924
130,7,0.582712337718945,0.8126784920681254
131,6,0.37961792416461243,0.2826601206577383
132,6,0.2940227638172185,0.18590025896616807
133,5,0.2623663918307209,0.10433608287117184
134,6,0.2527888572895456,0.19206322668280965
135,7,0.2596449131662838,0.19693084045735001
136,7,0.24517511360259847,-0.0011144410490881993
137,7,0.2717523877871514,0.043090854173668536
138,7,-0.09425428367457461,0.6558859325421418
139,7,0.04648080105699541,0.4587872063181712
140,7,-0.3887029621833108,0.3084241053072493
141,5,-0.21549973127445107,0.2812469545660434
142,4,-0.28720627179328545,0.14582839391585894
143,4,-0.18812104638110735,-0.07035603252471365
144,4,-0.2138391988156499,-0.12483713627899462
145,4,-0.05552239396027209,-0.11038650784375972
146,4,0.050540500488344596,0.03253852909623027
147,4,0.003384882914577538,0.02896066544531451
148,4,-0.11043060898866545,0.023037627347157735
149,3,-0.17329872232660437,-0.02343416784626276
150,4,6.123233995736766e-17,1.0
151,4,-0.6481099927533627,0.7615467400581767
152,5,-0.3201998416745953,0.9473500205265022
153,6,-0.313822967811236,0.9494815137084808
154,7,-0.2535350139917927,0.9673262100657573
155,9,-0.6352679325047372,0.7722918191533279
156,10,0.4445729194867465,0.5908695980578852
157,10,0.9913165729946072,0.13149696614837794
158,10,0.08447557587599909,0.7383460350174091
159,12,0.15765521494225684,0.9874942193256175
160,11,0.6540178296768954,0.6316103568350336
161,11,0.7587149360201801,0.16057788528482014
162,13,0.24357650204393919,0.39947600708456976
163,15,0.24940031029060702,0.3400750654380188
164,16,-0.06802810206022776,0.22363409578952406
165,16,0.0376573321628882,0.49828634483728174
166,16,-0.3683999155967772,0.4621685541216647
167,16,-0.1166501480183155,0.775750279615839
168,4,6.123233995736766e-17,1.0
169,3,-0.09368717751981269,0.9956016837914503
170,3,0.17676058512483275,0.6371751878633665
171,3,0.12726893878204676,0.8163003929510475
172,3,0.6403506734830877,0.49749082292558744
173,5,0.48753696234160276,0.873102348153252
174,6,0.4096168440674641,0.6143445247342834
175,7,0.7014236775310219,0.5169952487718129
176,7,0.8701547156753295,0.4927786224949154
177,8,0.8285377140277017,0.5599332606960855
178,9,0.3370760886119191,0.2204153699670086
179,9,0.5237721515915204,0.8518583997456323
180,13,0.6041788845267428,0.7968487155615053
181,13,0.7179065742376871,0.6961394620809168
182,13,0.8787511564339887,0.47728021650381397
183,13,0.7398302833570498,0.6727935432417789
184,14,0.49301990464006157,0.8700180306342533
185,14,0.6228826819735437,-0.04670794990536427
186,14,0.9752622996113893,-0.2210507791361627
187,13,0.9367716350899625,0.3499412860622165
188,11,0.7239742436551936,0.6898270033304658
189,11,0.6756893087621394,0.7371865150859328
190,12,0.8493680180519889,0.5278010703953111
191,12,0.7348475187097265,0.6782323526979217
192,9,0.5624180640532039,0.826853022747481
193,8,0.6788527332576392,0.7342744490642668
194,8,0.6657329224610993,0.7461901071117226
195,7,0.1781839563574084,0.9839971939476359
196,7,0.02278392347300851,0.9997404127228108
197,7,-0.15223161757619622,0.9883448459976583
198,8,-0.2500877857854427,0.9682231661145764
199,8,-0.04759491536320348,0.9988667198538399
200,8,-0.2258576015161749,0.9741603275833813
201,8,-0.20672817796918042,0.9783984160011415
202,6,-0.3312911726826129,0.5099388689224742
203,7,0.10743195336063795,0.7223456464781353
204,5,0.013906355759812895,0.9999033019594853
205,6,-0.178232195616731,0.9839884574758179
206,6,-0.6941147299462557,0.7198643911679731
207,7,-0.7327532243926625,0.6804944615073338
208,7,-0.6485907106361448,0.7611373661018757
209,8,-0.7991866284733192,0.6010829667104607
210,6,-0.6310432150879017,0.7757476784957362
211,5,-0.9010867364681225,0.43363889742645123
212,4,-0.8544616925861143,0.5195144039416738
213,6,-0.9718558382671001,0.23557637747905072
214,7,-0.9919107336575214,0.12693737217619452
215,7,-0.9964652971296326,0.08400542611256084
216,8,-0.9981311659791566,0.06110790048012879
217,8,-0.9985490657953789,0.0538494493860054
218,8,-0.9987291371169784,0.050399510648177256
219,6,-0.9566750067539379,0.04757341169207432
220,6,-0.7468732298241675,0.03699088037010774
221,5,-0.3652791535803333,0.0180401435232784
222,5,-0.26177236610391313,0.012913823089710733
223,5,-0.21094179012924089,0.01040347523055147
224,1,6.123233995736766e-17,1.0
225,1,0.29507826351240907,0.9554730861738081
226,1,0.487932069706489,0.8246194801457748
227,3,0.30292905778024204,0.7608289181293963
228,4,-0.03264483916205408,0.6207996256207633
229,4,0.17485261492087933,0.45337981257108567
230,6,-0.3080749556245705,0.7866067040811633
231,8,-0.3449013946388689,0.6491572829113574
232,7,0.2840603075044662,0.04464870372719476
233,8,-0.03975726702594178,-0.36681083147122784
234,7,-0.2913645341100997,-0.309477751107506
235,7,0.23977919136810114,-0.15539141817684973
236,7,0.43261350845727475,-0.3711592507141045
237,8,0.6065047914095457,0.26672323340189985
238,12,-0.17473737562698907,0.7874936114667446
239,13,-0.18136885829844543,0.783225022220654
240,15,-0.37386941285746905,0.9274813540603452
241,15,-0.14243280363542016,0.7192535341153428
242,16,0.03319208791664362,0.999448990844322
243,15,-0.23042676557392933,0.9487688357422327
244,2,6.123233995736766e-17,1.0
245,2,-0.11632257491341139,0.7844080797078042
246,2,-0.2329221358316683,0.9724953874644413
247,4,-0.37284015984570823,0.927895584215286
248,5,0.13509899723707514,0.6764748180408006
249,5,-0.5363191311067014,0.7757022030910311
250,8,-0.42803213215242997,0.9037635165490167
251,9,-0.37131213659138473,0.9285081029371477
252,10,-0.4496135093270794,0.8932232040372599
253,12,-0.4074340508450442,0.9132346326174878
254,13,-0.7391233483786477,0.6735700972293354
255,14,-0.6237757028116355,0.6626267578244265
256,17,-0.371355880055401,0.9284906086484013
257,17,-0.6416683243770325,0.6265206553605176
258,17,-0.6607942875336901,0.6215192135193781
259,18,-0.8786154640101668,0.47752996387891655
260,17,-0.4827108334380171,0.5406556694283218
261,17,0.018823590714789402,0.650876161452568
262,16,-0.10445242887670307,0.8655425810743788
263,15,-0.17917253030461758,0.9838176682618791
264,15,-0.2723320830199276,0.8356072583059938
265,15,-0.20166684175605118,0.5486646864492307
266,13,-0.1657275737911663,0.8821002349959729
267,12,-0.10629015812857623,0.8228475772536938
268,11,0.23081813096051362,0.9221417861674206
269,12,0.3983478348330481,0.9172344315843266
270,12,0.07720466075131815,0.6949167448017028
271,11,0.33063858552400754,0.9437574507057858
272,12,0.49686356872810633,0.8678286663107934
273,11,0.5611868878279742,0.8276891185281783
274,11,0.5884033418580289,0.8085675650743749
275,10,0.6034644713481047,0.797389886956533
276,10,0.6091084807320971,0.7930869174940641
277,10,0.6119803873736909,0.7908729388909114
278,10,0.6128443091879024,0.7902036779818243
279,10,0.5903572051726772,0.7606231286753699
280,9,0.8354227523686344,0.5496078827899171
281,9,0.5153944682324578,0.6672480651902936
282,9,0.27986058107603484,0.4033445085769756
283,8,0.1929104185885213,0.34490033617616006
284,7,0.21307031453226097,0.29485065715503106
285,3,6.123233995736766e-17,1.0
286,3,0.004504883239518689,0.9999898529620179
287,5,-0.41265638914378794,0.9108867682093151
288,5,0.14625319973729423,0.7253904616246422
289,5,0.16290206478504865,0.8799017707565928
290,6,-0.35964463457496143,0.8122328311973733
291,7,-0.37519968536624987,0.6320698102325191
292,8,-0.5761689221099193,0.8173306388449497
293,10,-0.38477857655192316,0.625481416492488
294,10,-0.3763424317594103,0.4117999949717577
295,11,-0.40632643591024314,0.6035836774400662
296,11,-0.7013030549036171,0.4839270428952792
297,12,-0.8419751377933324,0.4809356504800388
298,11,-0.9350695349436532,0.35446433504692704
299,10,-0.9920907557794695,0.12552263659165666
300,11,-0.9805864262598551,0.19608738010113186
301,10,-0.6534535691554726,-0.13586634153017
302,10,-0.6087047344186479,0.7933968403619486
303,10,-0.43180935669204185,0.24385639223307937
304,9,-0.8185553734291485,0.5744276287142421
305,8,-0.33272305238810906,0.9430245863229334
306,8,-0.20462302269637248,0.9788408545737146
307,8,-0.13901316750970838,0.9902905327523422
308,7,-0.4755027149339825,0.735211676649212
309,8,-0.4475945200875297,0.8942366272903465
310,6,-0.5981661894787416,0.8013720794764952
311,7,-0.18050488372391393,0.601388722691403
312,9,-0.20063329782086917,0.8449698923080811
313,7,-0.2169183379907577,0.8374618603944204
314,7,0.2637102184438451,0.7349198547490623
315,8,0.2786042480671546,0.9604059938166438
316,8,0.29815706335458947,0.9545168230952074
317,8,0.33179422356445065,0.8596867111844512
318,7,0.2901833237249026,0.6734325052252073
319,7,0.6459108156444615,0.744405336150149
320,7,0.42861823668320187,0.8503407278092734
321,7,0.6588645828886872,0.7522615644939705
322,8,0.7608247138716773,0.6489574367877144
323,8,0.8003322448423668,0.5995567511633723
324,9,0.7645053682460758,0.6446173608606365
325,8,0.8127204610570335,0.5826538013084981
326,7,0.7098540879918975,0.704348758614077
327,8,0.6183426830977626,0.785908599176431
328,8,0.7959369390860994,0.5551975259617844
329,7,0.8630404945769812,0.5051347391739354
330,6,0.8099127369198053,0.37241331572662373
331,6,0.4197043911207153,0.1783107171233393
332,6,0.28546281335519413,0.13460870406728792
333,6,0.22018247824914602,0.1252157737470398
334,6,0.209273620358796,0.08307537843475894
335,4,6.123233995736766e-17,1.0
336,5,-0.07196817993070102,0.7715012053243506
337,5,0.091307402726124,0.9038723909328161
338,5,0.11850461382156623,0.718771666921536
339,7,0.19098216820850164,0.8132876374472761
340,8,0.3719330014324943,0.8087101430429708
341,7,0.6718210614083056,0.5472694143906579
342,8,0.9154604450603775,0.3382840203989371
343,10,0.9996712015809907,0.025641543042851836
344,10,0.9062355890430032,0.42277305632204265
345,11,0.9698432206626398,0.2074220090399829
346,10,0.8637158581075511,0.5039790833492365
347,9,0.7295904463591925,0.6838843327503521
348,11,0.5401161259328902,0.8415905004853883
349,12,0.45687733737250447,0.889529706415368
350,12,0.3316924413028781,0.9433875790906603
351,12,0.5845466179520133,0.811360124384273
352,13,0.35768063145519924,0.9338439729857498
353,13,0.38560855615859196,0.35953731302484954
354,14,0.4789505752076292,0.6883061302894518
355,13,0.7498700434949349,0.6615851554175807
356,12,0.7992940804654527,0.6009400743276208
357,12,0.6483418828726485,0.7613493304082883
358,11,0.5664693463987305,0.8240828111243403
359,10,0.45496360066704067,0.8905100347935904
360,9,0.5257362676438125,0.850647622040968
361,8,0.2662972007381931,0.9638909693938431
362,7,0.02960437253448902,0.9995616945075673
363,6,0.3807002546979751,0.5724929724791132
364,7,-0.1413612150006596,0.989958083402291
365,7,-0.11501138139903307,0.993364173980865
366,7,0.07690445226400232,0.9458083877837323
367,8,-0.21769103977008347,0.9760177309884385
368,7,-0.23447357811300748,0.9721224928818814
369,7,-0.1567324095387987,0.9876411047542332
370,6,0.021882937646112176,0.9997605398494063
371,5,-0.3246459388629126,0.9458356169968533
372,5,-0.4073770537057202,0.9132600594102683
373,5,-0.6812036446588152,0.732093979283771
374,7,-0.7942865534851845,0.6075433078823493
375,6,-0.8630867325593738,0.5050557316573923
376,6,-0.8132198395804023,0.5819566070703422
377,7,-0.8402769034874495,0.5421574729407899
378,8,-0.8726084610091157,0.48842038632237966
379,6,-0.7184219464645007,0.6956075810671977
380,5,-0.9098271124432848,0.1843965927943107
381,5,-0.9944159733197445,-0.10553137925065308
382,6,-0.9809243522532294,-0.19438985353300278
383,8,-0.9717249288489408,-0.2361157823050397
384,8,-0.9077709014144846,-0.2295217294371514
385,7,-0.7037999617810241,-0.17989820520001
386,7,-0.3433648087791261,-0.08813286179676358
387,7,-0.2458295279660376,-0.06320096983192243
388,7,-0.19804904720826966,-0.050936699658331995
389,2,6.123233995736766e-17,1.0
390,2,-0.03877274870398056,0.5498123153874701
391,2,0.029266949671195287,0.895604951073053
392,3,-0.11688293159558497,0.6677978989575295
393,5,0.0904852118789969,0.5386076108234102
394,5,0.06542791018581054,0.11279349100120702
395,4,0.2979251844830644,0.5869926847921677
396,5,-0.09471775073288104,0.505097242600699
397,9,0.1864829191750776,0.5372948575702082
398,11,0.014401854339825297,0.1769484941436524
399,11,0.03993642109298602,0.432108447412182
400,12,-0.27398644143510753,0.18442106003597006
401,13,-0.05028415068399319,-0.14912356393090928
402,14,0.5190497187247748,0.5671637391269968
403,14,-0.2160135140301168,0.39128612579261896
404,15,-0.8687569725410557,0.35343860693171075
405,14,-0.8850500359493638,0.4654959010195791
406,14,-0.9741701810606218,0.03605420083668803
407,14,-0.8873381439394488,0.004743577559154158
408,12,-0.46462405294458226,0.06347945140858599
409,11,-0.7068301940910966,-0.0728154938786575
410,11,-0.6580952884138748,0.5637425548605118
411,11,-0.33173328327074825,0.47291788839352555
412,10,-0.41895780220976997,0.90800570481003
413,10,-0.5442781503834778,0.45320699446878215
414,10,-0.409532853972846,0.15094790432458496
415,10,-0.3778209781349292,0.1895317145693928
416,11,-0.5592071350481335,0.5634505317893109
417,10,-0.35521044430555515,0.6198780577735963
418,8,-0.06875454533219469,0.7878636185933613
419,8,-0.2201406457123789,0.4697092988335996
420,9,-0.42368405209697385,0.4602821738682451
421,11,-0.05651539956137512,0.7101575220150308
422,11,0.16871452146040386,0.846070186558777
423,10,-0.1729558906870417,0.9307023908427093
424,13,0.14553275227653076,0.9893534343270952
425,12,0.3113081458615335,0.9503090225396443
426,12,-0.22131977305844705,0.9752012910437299
427,12,-0.22559080008319446,0.7303687610784555
428,11,0.18438520300326486,0.8450638189016944
429,12,0.44979022461486656,0.8931342305840192
430,14,0.4565943029412933,0.8845970061572954
431,13,0.28599821167308376,0.8873332384740945
432,13,0.5194907288515089,0.8544760866386654
433,13,0.5962940955111895,0.8027660628467626
434,13,0.6358269193061965,0.7718316712117944
435,12,0.6497786461413224,0.7601234840594981
436,10,0.6551905258090743,0.7554636820456883
437,10,0.6580791439207978,0.7529487634205065
438,8,0.6589957533130345,0.7521466593127873
439,7,0.41778637734601104,0.7205558200610315
440,8,0.6286832573339679,0.7147940807029858
441,7,0.5393513340707554,0.5632591427226415
442,7,0.21162933458537336,0.19278086799786892
443,7,0.23087853501169964,0.14658133413568106
444,7,0.16793319763786227,0.17165593125717452
445,7,0.13579900705789155,0.15109190326846988
446,0,6.123233995736766e-17,1.0
447,0,-0.0377562124415911,0.9992869800122812
448,1,-0.2779924655383141,0.47710971247097034
449,3,0.026595855478693944,0.4270368044259058
450,4,0.11418250491687859,0.3416756934493651
451,4,0.00666555315935422,0.4698813287639488
452,4,0.39939159973500343,0.21511841960904832
453,4,0.6812152705526096,0.3492616314706832
454,7,0.277305616752334,0.6522309705033558
455,7,0.3885623203245192,0.2284058108425173
456,6,0.6409093201637128,0.12326294700879464
457,7,0.20970548773780853,-0.1350357241103565
458,7,0.0628542188779202,-0.22504492783874674
459,7,0.04669581362847825,-0.3275667951689558
460,7,-0.08047073886170968,-0.3608046690519055
461,8,-0.17920139268064572,0.0006011657713500281
462,9,-0.18123228452944393,-0.7243118001585199
463,8,-0.6385133616431586,-0.4400593048143368
464,6,-0.3950290685789789,0.025011313165132238
465,6,0.33522051691526233,-0.12228534253444796
466,6,-0.38408564177567056,0.1745470224995611
467,5,-0.5756628049407407,0.13472272345439984
468,5,-0.586771621463662,-0.15161678047613952
469,5,0.1482362516917638,-0.08939157658245528
470,5,0.22670180170799548,0.04288768945084417
471,5,-0.05602263117509292,0.12190038045401198
472,5,-0.425382733760134,-0.4802353330443662
473,4,-0.7533898384693857,-0.38449880960937716
474,4,-0.5117284086168561,0.012643400315364949
475,5,-0.5877089527312978,0.28525006612713627
476,7,-0.41043680970235813,0.24341332190755444
477,7,-0.3128496755109578,0.4455172553547452
478,8,-0.20673838495182612,0.6786961228009495
479,8,-0.23504792735821278,0.6704395066356177
480,8,-0.4230706338863653,0.7752269024495425
481,10,-0.1685906855945249,0.9856861471740221
482,11,-0.46530064829065654,0.5406905421578149
483,11,-0.9472672609801873,0.32044459158346505
484,11,-0.8663848170061764,0.4993769606831839
485,9,0.09275756567750779,0.20409502870332236
486,9,0.45482473998543654,0.027034786266727503
487,10,0.9415884285774923,0.3367658402643723
488,11,0.9374585417889416,0.34809694400691205
489,12,0.9375043249583397,0.09852064675811789
490,13,0.7877332491978327,0.21736778277150112
491,14,0.7696341949157783,0.6384850867611096
492,14,0.7588558268242692,0.4893993402425231
493,14,0.7800700496477283,0.35768528880096784
494,14,0.705282009683884,0.11062360862621874
495,14,0.5854671718169022,0.470098899985183
496,15,0.5846735059205885,0.5806700503274549
497,14,0.7270743346401529,0.6200529620809324
498,15,0.8108296416061938,0.4969793318754424
499,16,0.6084266110862135,0.5981432142588716
500,17,0.4886028080309563,0.8725063300539799
501,17,0.29518775358799904,0.9554392655379361
502,17,-0.05117396314607726,0.46752634622808753
503,17,-0.18951792704490059,0.48146319925156134
504,16,-0.17884461338628685,0.4693444332219158
505,16,0.2988482884648117,0.0706232623351168
506,15,0.019798962781767016,0.16271592335682392
507,14,-0.06969934313212651,-0.034495201158403904
508,13,-0.21420276399331867,0.5177477946252447
509,10,-0.28705762374192123,0.8068289534147924
510,10,-0.3174479050623846,0.9391786973375879
511,11,-0.312059665432115,0.9500625059491593
512,10,-0.30819919686391917,0.9513218461974029
513,10,-0.30591704932734093,0.9520581699302061
514,9,-0.3049448097028881,0.9523700242212947
515,9,-0.3044216189878037,0.9525373892361625
516,8,-0.30423162433769196,0.9525980887829082
517,7,-0.30415707741587433,0.9526218936481745
518,6,-0.30412798084845183,0.9526311832314979
519,5,-0.30411871899466303,0.9526341400333316
520,4,-0.30413339415199875,0.9526294550146899
521,5,-0.2886488974282114,0.904117444261754
522,5,-0.224778356381177,0.7040574101939627
523,5,-0.08648475541256823,0.2008231312972253
524,5,-0.11236123433424226,0.07981576079098589
525,4,-0.10678267154818874,0.08264323947847264
526,5,-0.10820353629285037,0.02634861858519393
527,5,-0.2534556424476409,-0.09672369002773423
528,5,-0.1609191857838102,-0.0897984439523573
529,5,-0.050449309907920445,0.01603109986203425
530,5,-0.09241122828601327,0.10751731084525613
531,4,-0.11273303874731416,0.11875396092722404
532,4,-0.10652410795253874,0.08657668584080161
533,5,-0.1078935892159468,0.030429356865756166
534,5,-0.14531537850165338,0.15497647082388505
535,5,0.03172570351778142,0.06989561601102869
536,5,0.12285946624511371,0.14677982404986598
537,4,6.123233995736766e-17,1.0
538,4,-0.042117531247085,0.460387884982283
539,4,-0.05467125479440169,0.45169621717303954
540,5,-0.059909409788464436,0.07397446871844811
541,5,-0.06547314727474188,0.15063831614451353
542,5,-0.1669397084694262,-0.3525196745054767
543,5,0.11809317157679876,-0.24335275465584413
544,5,-0.04925736434405807,-0.5092983861392971
545,5,-0.13062978282856966,-0.15129207101777453
546,5,0.16022800857041414,-0.06984518146219292
547,4,-0.020702930226798515,-0.04919323418982231
548,4,-0.010869053205980772,0.2997846543044047
549,4,0.3569308491726577,0.43110034344640374
550,5,0.40340233074759446,0.32090376741331783
551,5,-0.25346640260224995,-0.0038477494884207866
552,4,-0.659770702911879,0.2097041083714181
553,5,-0.9837436156783373,0.17957866970247793
554,4,-0.731702993640419,0.6816235978145482
555,6,-0.758932839938209,0.6511689062473153
556,6,-0.6696463965062545,0.4472454695743252
557,6,-0.7991996621518045,0.6010656370284709
558,9,-0.38402639630825997,0.923322114399136
559,9,-0.17355068780843397,0.7499017529388715
560,10,-0.3490874341599378,0.9370901575150766
561,10,-0.6693599784366695,0.7429382338170929
562,10,-0.6693744087634534,0.742925232370376
563,9,-0.4421205460466073,0.8969556414692144
564,10,-0.46205809450463886,0.8868496587938354
565,12,-0.6076486545665196,0.7942059635909936
566,12,-0.8014514013691072,0.5980599060658507
567,10,-0.9050707337078228,0.4252610574524587
568,9,-0.7268895109078042,0.686754424035414
569,8,-0.5866189082076567,0.8098631097495779
570,8,-0.43856634095162184,0.8986988175046776
571,6,0.0024341377348673205,0.9500228658317235
572,5,-0.131291026413618,0.9913438688887215
573,6,0.1928161433718855,0.9614860775837945
574,7,0.16526852850152507,0.9862486063295302
575,8,-0.16763222014820978,0.726525089874112
576,7,-0.6073387459097116,0.7944429795251631
577,6,-0.3815205071972559,0.6637521643500784
578,4,-0.06610224796431767,0.9542445625268897
579,5,-0.44940965711217457,0.8933257860905605
580,4,-0.23286430574892322,0.7795057135279633
581,4,-0.13824105999029238,0.46848007200097264
582,4,0.3763111656736129,0.3185125163319514
583,4,0.6714127555517303,0.3622425325905369
584,6,0.7638842312660818,0.3886428831498797
585,6,0.9965996921448877,-0.08239571358216928
586,4,0.7433770609354818,0.5591860234789725
587,4,0.14279148328001226,0.7988655811883283
588,4,0.4449601842218123,0.8955503528318722
589,4,0.5110199384820237,0.8595688584830355
590,3,0.7097763549567693,0.7044270905809076
591,3,0.6962808814004909,0.7177694157570073
592,3,0.869231701607482,0.4944049442719615
593,3,0.6130874438344619,0.7900150544214493
594,2,0.7982197839306897,0.6023663142487659
595,3,0.9104193711022468,0.2929132274867152
596,5,0.9459301938090106,0.3243702644208433
597,4,0.8771601843143324,0.09380014102284988
598,4,0.44032719773241863,0.035145789217435976
599,5,0.33144193936900246,0.005246343752627336
600,5,0.270128322848444,0.00040544181887665803
601,5,0.22392490854936534,-0.00031623400396085794
602,3,6.123233995736766e-17,1.0
603,3,-0.1755646826313499,0.9844678980101654
604,5,-0.2783222611646411,0.9604877505414638
605,5,0.08714404207638016,0.6411607738353069
606,5,-0.015959968305483966,0.7217130726677068
607,5,-0.10013599843185887,0.6706030450708462
608,7,0.4271015202560958,0.4302509478199442
609,8,-0.20985877010180848,0.4804530472962639
610,10,-0.04313003343269115,0.3117449176621683
611,11,-0.10119059206963962,0.45208759394905174
612,13,-0.6581281016932152,0.4820093707324562
613,14,-0.42850118355780464,0.9035412196959033
614,17,-0.5493177438779739,0.4025798359637813
615,17,-0.8708659985826057,0.4915205107752077
616,16,-0.4986781039322499,0.4960180920267361
617,17,-0.36412829875719976,0.9313487971990877
618,14,-0.48572247456113227,0.8741130806172679
619,4,6.123233995736766e-17,1.0
620,4,0.15034373472750065,0.9886337852957419
621,4,-0.11100582949807299,0.9938197551958025
622,5,-0.29858486297000403,0.9543830884949628
623,5,-0.5327073030114061,0.8462995505837835
624,5,0.05937729266946304,0.9982356120251595
625,6,0.13591838809531911,0.9665174328575505
626,10,0.19037289509014335,0.8743543406404278
627,12,-0.1904120994538221,0.9817042489373201
628,12,-0.31931935047430904,0.947647166625145
629,13,-0.6732519602263811,0.7394131443593192
630,13,-0.5793150117750785,0.8151037462385022
631,16,-0.4800100779775115,0.6292577978514218
632,16,-0.1086216139564879,0.46802658990281243
633,16,-0.43479286444227533,0.4393452496345639
634,16,-0.26881045179609675,0.41424651874892454
635,16,-0.4224980754519731,0.6391642840448238
636,15,-0.5598059134138019,0.4628640313038027
637,15,-0.461217110435198,0.6499128605354584
638,14,-0.5926794570679802,0.5195103045434051
639,13,-0.44359534483706037,0.7712389583008901
640,13,-0.35275353580683827,0.9202396945693233
641,13,-0.045077765533930655,0.9989834808716649
642,13,-0.5540381799205515,0.7668913351707897
643,13,-0.06432794194852401,0.8948981623578892
644,12,0.2659110914203922,0.9639975578079105
645,10,0.02891506250097563,0.9995818721648391
646,12,0.3055990153013647,0.9521603025997442
647,12,0.4606869956380599,0.887562669364805
648,13,0.5235274222973311,0.8520088251319419
649,13,0.5569126510244615,0.8305710680784073
650,12,0.5689840404832927,0.8223485645851805
651,11,0.5737579320521535,0.8190249296616291
652,11,0.5763661109007746,0.8171915969985961
653,8,0.5772143353636546,0.8165926836867291
654,7,0.5776583691987587,0.8162786341039624
655,7,0.5259136809709082,0.7429675557343003
656,5,0.40475389462304673,0.5717601593768027
657,4,0.19694659795160924,0.2781762140316439
658,3,0.14085556454809767,0.19894143616886462
659,4,6.123233995736766e-17,1.0
660,5,-0.18257980272635,0.9831910372030489
661,5,-0.4803790366879193,0.8770609905307536
662,5,-0.1421347464844953,0.388489535657998
663,5,-0.47117638424140074,0.2077693608852016
664,5,-0.10638868093723026,0.028964878430772042
665,5,-0.3914448172557694,0.1436395296699293
666,5,-0.6247445430933202,0.20693917721889302
667,6,-0.733772842679032,0.6793948891084864
668,8,-0.6419264335810935,0.7667662315659565
669,8,-0.4009005183297211,0.691716207317805
670,10,-0.0974429831050407,0.9952411090000205
671,10,-0.31001547873479857,0.9507315093888672
672,10,-0.4440689753807831,0.802004244920246
673,11,-0.6621447342597345,0.7493759743227064
674,13,-0.6940332988763104,0.7199429005489714
675,14,-0.7971241003019931,0.6038155088416809
676,13,-0.9261791021731817,0.37708390405542247
677,11,-0.5670313688547912,0.8236961980819516
678,13,-0.8346209038048988,0.550824787869876
679,12,-0.7703206536418207,0.6376567184409164
680,12,-0.6977998735573115,0.7162927728683294
681,11,-0.17092408937411746,0.8566854340793383
682,10,0.1543577834261925,0.9224305529745179
683,10,0.34782735407001275,0.9375586017741259
684,12,0.456471740758745,0.8897379107853509
685,12,0.5124452431049569,0.8587199035885342
686,12,0.2146734726331325,0.976685875882124
687,11,0.4165863930804989,0.9090961319355506
688,12,0.5137553089686152,0.8579367590367968
689,12,0.33191130172830396,0.9433105998476975
690,11,0.09917893734633573,0.9950696148445352
691,9,0.3473833123165344,0.9377232183986878
692,9,0.5212742192664739,0.8533892361215533
693,9,0.6459866097468847,0.7633487407651407
694,9,0.46864267032948687,0.8833878239745259
695,9,0.6510537918530636,0.7590315936202839
696,6,0.7403901182353251,0.6721774117147059
697,6,0.5217835355014174,0.853077922630542
698,6,0.7183328555921911,0.6956995821306553
699,7,0.7933349688365364,0.6087853704066251
700,7,0.7276729573456847,0.5289992838884101
701,6,0.7049567013738769,0.401178049400098
702,6,0.27294306853583544,0.19433867664807297
703,6,0.28395738541144633,0.1848257868516523
704,2,6.123233995736766e-17,1.0
705,2,-0.14653586925073994,0.9892053573565653
706,4,-0.31088826271457753,0.9504464677751776
707,4,-0.2526023171384703,0.9675701883461869
708,4,-0.2833948740968466,0.9590033083027568
709,5,-0.30000933195781987,0.467466619552935
710,6,-0.41774902558866167,0.49817875277289386
711,7,-0.6933212552076566,0.7206286402005401
712,9,-0.5670326337851742,0.8236953273041243
713,10,-0.8898731658817101,0.4562080102800285
714,11,-0.5337595053008222,0.1941662625001139
715,12,-0.7893433348174858,0.3644932233075096
716,12,-0.6791819134581433,0.7339699778814766
717,12,-0.6971559644230321,0.7169194942735148
718,12,-0.4750078230374123,0.6221909458404532
719,12,-0.4975684230420674,0.7415846873610912
720,12,-0.8137890996027322,0.5811603060841084
721,11,-0.6248743917732167,0.49492493148741323
722,11,-0.8870463580680625,0.4616803641462204
723,11,-0.5775499645653962,0.8163553383365051
724,11,-0.5610973435693983,0.8277498239440251
725,11,-0.4502473522432662,0.8929038704126712
726,10,-0.5689137860515164,0.8223971692804696
727,10,-0.38021925022446695,0.9248963843365073
728,9,0.0010952722822002879,0.999999400189134
729,9,-0.29118957068703955,0.9566653719682225
730,7,0.2801166198235853,0.9599659781985032
731,8,0.21266708296688377,0.9771247166162345
732,7,0.3185834045693731,0.9478948329498306
733,7,0.5591884435701742,0.8290405807785082
734,7,0.6690733960815816,0.7431963338552331
735,7,0.7314666199800058,0.6818772498441532
736,7,0.7591353945000511,0.650932755987323
737,7,0.7747672170440316,0.632246596980835
738,7,0.7812416245532521,0.6242287433829008
739,6,0.784110230911424,0.6206215801759019
740,7,0.7857672534173719,0.6185222901859881
741,6,0.7864096292098642,0.6177053464929729
742,7,0.7867650865442076,0.6172525403715123
743,5,0.7868765298038902,0.617110465673519
744,6,0.7869589540330146,0.617005352219301
745,5,0.7668407872190875,0.6011974138059311
746,4,0.601435962016847,0.47151406073297075
747,4,0.29462832740145867,0.23095625526976157
748,5,0.21127603101002984,0.16560974750798582
749,5,0.1702765644223316,0.13347068653627375
750,4,6.123233995736766e-17,1.0
751,4,0.18539817541668382,0.9826634808275744
752,2,0.6044003045791947,0.5096827692405381
753,4,0.7635936144579191,0.6456971364030438
754,4,0.1924448978442567,0.16037670396127213
755,4,-0.021925050323179582,0.46077356884887644
756,4,0.13216099063205874,0.29249117364433513
757,4,0.19302153576360265,-0.08169994497195725
758,6,0.11323408657920898,0.22835311605336284
759,8,0.33845805589081507,0.4147761218489202
760,8,0.16362045624217061,0.451543419466102
761,8,-0.6332803418714134,0.20989635278950186
762,11,-0.6948737976252741,0.29752766008217235
763,11,-0.5734962921547626,-0.2827677011121086
764,11,-0.758992277717213,-0.21194324460520525
765,11,-0.9728130584512836,0.23159178160431226
766,12,-0.7820219984656898,0.42689414458443786
767,12,-0.7863806966015126,0.12451084314193467
768,12,-0.8676729087657853,0.4971355181375811
769,11,-0.3295480578910374,0.36770564035755765
770,10,-0.8144332929491422,0.5802571941268947
771,11,-0.8217472918712847,0.5698520758075816
772,11,-0.9392874038881148,0.34313142219436205
773,10,-0.982277249749412,0.1874337339561137
774,9,-0.15797569826101854,0.6031390127865396
775,9,-0.3095066023819955,0.39925143683658076
776,8,-0.3942391895989343,0.6375757067455352
777,8,-0.3554196342153134,0.4712161290565656
778,7,-0.11621649319641121,0.15186999422979777
779,7,0.025727516780210298,0.49082048169901366
780,8,0.4038938026737637,0.7121964747616146
781,9,0.4353072482405888,0.2859147329418295
782,8,0.29481514952619897,0.3455607217328698
783,7,0.31567052455292754,0.24148161323671835
784,10,0.3815407059039285,0.2928693432624297
785,10,0.34566568749987575,0.4548621290963675
786,10,-0.07219412521984254,-0.4627229460225711
787,10,0.03918163884500207,-0.011118156843864892
788,10,0.19136053448449966,-0.03531381240651054
789,9,0.073891598885536,-0.053763632990948
790,10,0.19863503576485694,-0.026142222200281062
791,10,-0.38652707398529146,0.4503712268521764
792,10,-0.1292595976289654,0.9916107887779347
793,10,-0.1909028980801068,0.5213633663636049
794,3,6.123233995736766e-17,1.0
795,3,-0.06355073000879899,0.9979786093475895
796,4,-0.08278468712222183,0.9831915035210312
797,5,0.23575461884615273,0.6315807409718044
798,6,0.29161230493488594,0.2017348091408381
799,6,0.1528228947449421,-0.07870234379560619
800,6,-0.03014503464954794,-0.17097640757792523
801,6,-0.43801717316360955,-0.07431106409065742
802,7,-0.8419689991140604,0.02706501986823904
803,7,-0.8201462568860785,-0.14347793687422183
804,7,-0.8147228144919441,0.03160184812243182
805,7,-0.895254916259537,0.44555430074585683
806,8,-0.6635930919731406,0.4000363115886385
807,8,-0.5783874787630648,0.6652426046168708
808,7,-0.5709453848728819,0.8209880434527391
809,8,-0.5403396114363918,0.5870622392888151
810,9,-0.4147731866643649,0.3380176445058769
811,9,-0.5247471012259898,0.8512581745598222
812,10,-0.2522625292209094,0.8584000305873791
813,10,-0.03400090712245302,0.6067029727587618
814,10,0.3636323260374452,0.3618207968389546
815,11,-0.08253544240571785,0.3431344261752834
816,11,0.08412191675551739,-0.02502311597835538
817,11,0.46839242086340854,-0.3231594104458497
818,11,-0.3366034245520315,-0.15812267539959304
819,11,-0.41601942687414273,0.7981414286474309
820,11,-0.566100672972602,0.8243361135240692
821,10,-0.2728127134178368,0.7310229649225596
822,11,-0.3081387811607443,0.9513414169186428
823,12,-0.2683310711191027,0.9633267546746924
824,12,0.2828099088272633,0.7102710698441164
825,12,0.04816435690025248,0.38590408631782447
826,12,0.3328109070004341,0.2706894065498305
827,12,0.44485577835057805,0.3026127733863518
828,14,0.48340485424003043,0.15454419594303817
829,14,0.34014440009722946,0.1073526217259692
830,14,-0.3521703681013882,0.40216829048936314
831,12,-0.4812070278370998,0.47104726387831447
832,11,-0.6675022685437773,0.7446077635164108
833,10,-0.4329616190017176,0.7154863877266796
834,10,-0.4003659501209075,0.8651049913480804
835,10,0.08246013187825395,0.9570159489176168
836,9,0.3366398001060425,0.9416334982277148
837,9,0.26941408678771894,0.49764509537592116
838,7,0.5012599689305968,0.760935494919112
839,9,0.5701209699230779,0.8215607583459479
840,9,0.2715863454939716,0.9624140776927721
841,9,0.4780627621408764,0.8783256773283108
842,9,0.44057679425653884,0.8977149259996914
843,9,0.21558339624754955,0.687481376414579
844,8,-0.2585173991195462,0.9660066016091532
845,8,-0.30470425861894185,0.9524470141585205
846,6,0.33457193415345854,0.9423702143408469
847,6,0.7601596368040678,0.6497363515872479
848,6,0.05538647916353649,0.29908430901864685
849,5,0.1452200854474469,0.5750421890707942
850,4,0.36728312499570015,0.5011394942373452
851,4,0.6328039419791313,0.3375948330526671
852,3,0.825948338561769,0.2552153745464884
853,4,0.7776942299193672,0.1658160094619876
854,5,0.2412800715998819,0.12206986934963547
855,7,0.25543432935740723,0.03753832084070504
856,7,0.2621696125707537,0.03533374850093418
857,7,0.24086137327519988,0.079989401015097
858,2,6.123233995736766e-17,1.0
859,3,0.08997089483028688,0.9959443950760692
860,5,0.06937061949037723,0.5992215637675418
861,6,0.22123243522156144,0.5493713877845697
862,6,0.6362137972275783,0.5745150178827383
863,6,0.6185907230526438,0.6463594352457847
864,7,0.38716858250050856,0.5576563563590288
865,9,0.20794865051700476,0.5687925759086914
866,10,-0.29464693867259056,0.8675372469174262
867,11,-0.44088675645988445,0.8327104613747597
868,16,-0.6677708882726883,0.7443668724328782
869,16,-0.4642412842369595,0.5672142288623752
870,17,-0.6666607681091274,0.6486511857062442
871,15,-0.7766852352344499,0.6298889151023436
872,5,6.123233995736766e-17,1.0
873,5,-0.09927890643264409,0.9950596458190526
874,5,-0.17449786287062585,0.5618476995531952
875,5,-0.020165325589847346,0.7322778440396054
876,5,0.026189716381998622,0.29548233475585145
877,5,0.1900858365954572,0.5121833408161689
878,6,-0.05800682372828272,0.3419181900139738
879,5,0.028977097770858707,0.7081165008063217
880,6,-0.4924717210005201,0.44980215049829003
881,7,-0.6358846305694191,0.7717841256501674
882,7,-0.7489420487486927,0.6626355013249069
883,9,-0.7771773815009851,0.6292815885462343
884,11,-0.7521749763990272,0.6589634321258828
885,12,-0.7508277503632836,0.4044361590151785
886,13,-0.6949749351947764,0.7190339626547666
887,13,-0.6882607320330463,0.7254634137855163
888,11,-0.31133080766040305,0.556922595216709
889,11,-0.4963323812299611,0.39781558707625636
890,11,-0.3749738478924796,0.5072551496756851
891,11,-0.04642521617387619,0.5706298818492876
892,11,0.09304046779361815,0.8957820267177139
893,14,0.5237218002951103,0.8518893566042768
894,14,-0.47070950200890727,0.46922918974944233
895,13,-0.549700996945433,0.567100256698919
896,13,-0.47461693750811745,0.559640595984308
897,13,-0.09808670865161565,0.9094918687278938
898,12,-0.3682979131244021,0.9126832203861389
899,13,-0.10894536930568971,0.9940477385452103
900,13,0.14507565150566457,0.8595108630441204
901,12,-0.14690126479547957,0.6540837092603684
902,11,0.21328719593593476,0.7935512825271811
903,11,0.45948965547456044,0.888183121046482
904,11,0.26732158587010985,0.8863665019953217
905,10,0.4686663337921084,0.8833752699560159
906,10,0.5620016695378367,0.8271360972879156
907,9,0.6006682071713727,0.7994984083120672
908,9,0.6217229153413993,0.7832372670777299
909,9,0.629514941112265,0.7769883775941706
910,9,0.6334247685242976,0.7738042792721813
911,7,0.634586281886848,0.772852023896571
912,7,0.6195051438807291,0.7537076983869984
913,7,0.6352113234504515,0.7723383808670432
914,7,0.5471365385421582,0.6651554923506281
915,7,0.27647072823147784,0.33606601436134326
916,8,0.20062262960372046,0.2438573593307132
917,7,0.16214399700326626,0.1970844035834859
918,6,0.13418036710649914,0.1630945395234288
919,2,6.123233995736766e-17,1.0
920,2,0.17030495470383,0.9853914056877736
921,2,-0.1090972054098082,0.9880456991256813
922,3,-0.1013278401119724,0.9948530890630247
923,4,0.30221766898215313,0.889770207585756
924,5,0.09414758794624,0.9902594326951464
925,6,0.05343450524291011,0.5358910072365561
926,7,-0.7620442361056723,0.4037353493854811
927,8,-0.6137449411067016,0.5971559965881712
928,9,-0.7175711980985813,0.29345806062501406
929,10,-0.9999844798069277,-0.005571368347917788
930,10,-0.7703036842802973,-0.020389655078131588
931,11,-0.6928857191422938,0.721047418835035
932,13,-0.17083268434654275,0.985300052754974
933,14,-0.1738722602625325,0.9847682149171947
934,15,-0.45657869056457323,0.8896830330642143
935,15,-0.5250021849467702,0.8511008787453561
936,14,-0.8143048976363282,0.5804373641362942
937,14,-0.04467283435842202,0.982801707718381
938,15,-0.08426415753181482,0.4516351212965507
939,15,0.22957055295706272,0.5662742502715216
940,15,0.0762978328845898,0.6739427526720291
941,16,0.5573502322117752,0.7148297845510065
942,16,0.7349133147843697,0.5915231579395035
943,16,0.531521308215109,0.6483621141254917
944,17,0.6049960967128156,0.7962284364190075
945,17,0.24669047884430334,0.9465478026043286
946,17,0.6910102681276357,0.7228449414239357
947,17,0.5226686115518853,0.7599429052876902
948,17,0.7805383911491143,0.6251078466491621
949,17,0.7996508201022474,0.6004652911782687
950,17,0.42644645978358353,0.9045128063980347
951,15,0.4832243440689608,0.8754965638419848
952,15,0.5432417947883416,0.8395762933737121
953,12,0.7108464241622452,0.7033472550993211
954,12,0.036288621810062135,0.9993413510543463
955,11,-0.16944640992690294,0.9855394026434884
956,9,-0.23187815154712044,0.9511659613937333
957,8,-0.3158208343535198,0.9488188449795074
958,8,-0.24133190308663466,0.834049347051118
959,8,-0.11712395954793593,0.4240609073540166
960,5,-0.08368080216305698,0.3084323150420213
961,5,-0.06738300368543676,0.24941060799043754
962,6,-0.0557198399175737,0.206419672721887
963,2,6.123233995736766e-17,1.0
964,2,0.6146240973021082,0.5608641907909351
965,2,0.42814610479052573,0.6450304113927996
966,2,0.3951348566720761,0.7051750523195865
967,2,-0.3447266221215464,0.5736654731734585
968,3,-0.528455511194714,0.8489609959756299
969,4,-0.36268881141439663,0.7485917741703856
970,6,-0.5223301487996875,0.5433342987386078
971,7,-0.9363946094713348,0.35094890704064946
972,8,-0.8760489844784781,0.48222212391617536
973,9,-0.7947807485851133,0.6068966647449029
974,10,-0.9497298290660964,0.31307068176704655
975,10,-0.8092843990759737,0.5874170251297115
976,10,-0.6402268981765377,0.44120559400076975
977,10,-0.49951037426568445,0.2987331643800029
978,10,-0.5077017072678851,0.6938484033497564
979,8,-0.8519140980400024,0.45352535983191417
980,8,-0.29831606653667503,0.3214078414007159
981,8,-0.6404731090843654,0.7679805964604878
982,7,-0.7900613180304628,0.6130278246148115
983,7,-0.812485017245552,0.5829820724100313
984,7,-0.41920934640396884,0.9078895989532854
985,7,-0.4680589308864401,0.8836972542774152
986,6,-0.1235364101170829,0.8979452032015616
987,6,-0.0774388276636269,0.9969971052967421
988,7,0.052664541807535756,0.998612260107096
989,8,0.3141265732943397,0.9493811120674119
990,7,0.44755784216586236,0.894254984842599
991,7,0.5281590774244788,0.8491454462776818
992,7,0.5668697459318622,0.8238074357197476
993,6,0.5864215661139174,0.8100060165187049
994,6,0.598486296675491,0.8011330430656671
995,7,0.6041620342947768,0.7968614912999604
996,8,0.6074772277207015,0.7943370933053365
997,9,0.6088758530262472,0.7932655265430105
998,7,0.6095004450971818,0.7927857260485568
999,6,0.6098684145090622,0.7925026920990255
1000,6,0.6100112777345786,0.7923927315647379
1001,6,0.6101039583084589,0.7923213742266141
1002,5,0.610133000847491,0.7922990100188411
1003,5,0.6101773574390378,0.7922648499515251
1004,5,0.5955526389578095,0.7732571907751747
1005,5,0.46729748714824815,0.6067286082648379
1006,5,0.22895236138746833,0.29724059413738896
1007,5,0.1641900693983538,0.21315474737303886
1008,5,0.1323298201897666,0.1717917530463775
1009,5,6.123233995736766e-17,1.0
1010,6,0.3796301606213019,0.925138336221478
1011,5,0.6387073166307586,0.709318931998603
1012,5,0.6583462979421936,0.7527151864987238
1013,6,0.6825426863360092,0.48854531324862205
1014,6,0.752115821916037,0.5781656940054577
1015,6,0.7108763376383801,0.7033170213963571
1016,8,0.6551666620114489,0.7554843777264861
1017,10,0.6607048628668541,0.7506457781031554
1018,10,0.7232512800894726,0.6346911433849733
1019,11,0.6940437539206106,0.7199328216186472
1020,11,0.5627183659887942,0.8266486802619971
1021,12,0.5214962909471768,0.8532535487932866
1022,14,0.5653616508082773,0.8248431389029914
1023,14,0.464740043908423,0.8854471704105203
1024,15,-0.003499582829967456,0.7312413786111328
1025,14,-0.12567089508481877,0.6253114674467665
1026,14,0.388053261912697,0.9216369490851133
1027,13,0.3833012194456746,0.6376569355159839
1028,13,0.6774893050045986,0.24836165987726497
1029,13,0.44990056716211074,0.3229424986419942
1030,13,0.9927164779364718,0.1204740404958948
1031,12,0.9447301122935475,0.32784907339478786
1032,10,0.9936075563612615,0.11288943237434775
1033,9,0.8951469375564594,0.24991304825456903
1034,6,0.5873843702144484,0.545075133006057
1035,7,0.2521053332082471,0.7779018598916834
1036,6,0.9136117167914085,0.15571780659821527
1037,5,0.5121442405567386,0.5140773403198841
1038,5,0.5020111132437826,0.7293604140781327
1039,4,-0.013215736083648526,0.7219061968296595
1040,3,-0.18577655262499732,0.5687936870400503
1041,3,-0.5303106194094916,0.7054575649507864
1042,4,-0.17242510658458393,0.8857482923716882
1043,5,-0.18740257147023434,0.783691878985362
1044,4,-0.26935683807344535,0.9169925850206647
1045,4,-0.03597646608345524,0.9993526374049082
1046,4,0.002232220542102128,0.9999975085926222
1047,4,0.24555573597603675,0.7760515344058077
1048,3,-0.16809129634879633,0.9857714319718244
1049,3,0.02401477711769716,0.6042776719178751
1050,2,-0.3072998341994422,0.46822174021615703
1051,3,-0.9991202414992337,0.04193737028609188
1052,4,-0.9353350037423416,-0.35376324112930946
1053,5,-0.9291255859364841,-0.36976431082269834
1054,6,-0.9594363379147279,-0.28192536865059886
1055,6,0.5107786668235155,-0.6300539715675094
1056,6,-0.054505732772682024,-0.24709606827698033
1057,7,-0.06338403126095127,-0.48679212002546557
1058,7,-0.16916202598188756,-0.5982406080127115
1059,8,-0.05695463515730761,-0.5742870879271774
1060,9,-0.007092704403786048,-0.5929015064595723
1061,8,-0.3907489331197608,-0.15174290425586048
1062,9,-0.44722036246853597,0.33085771471725234
1063,9,-0.4418119549924711,0.2871174390639734
1064,7,-0.17909901279259408,0.27524670617856317
1065,7,-0.5625343938306921,0.48492724111424296
1066,6,-0.944763462543885,0.32775295550473554
1067,7,-0.647981610333556,0.3014235858048573
1068,7,-0.8018546129056474,0.5306058515993916
1069,8,-0.7520120282665762,0.23640084724248606
1070,9,-0.9724047067870123,0.2333004205278349
1071,9,0.2861037202194913,0.8183252448910909
1072,7,-0.37688702245757155,0.5431622144137801
1073,7,0.05318487531805825,0.400317183097858
1074,7,-0.6919817433558129,0.5920154254087384
1075,5,-0.8257434469605777,0.5640458844825158
1076,4,-0.7771298420025542,0.6293402963970169
1077,4,-0.7559822929035803,0.654592065958827
1078,4,-0.7841528491765363,0.6205677312979787
1079,5,-0.3270531665698485,0.21806229336021205
1080,5,-0.3036828857294028,0.1756831783626097
1081,2,6.123233995736766e-17,1.0
1082,2,0.06556294559219442,0.9978484354676691
1083,3,0.051819077751870765,0.9986564890796763
1084,5,-0.3198129238593253,0.9474807088973102
1085,7,-0.5457342833614235,0.8379582877231978
1086,7,-0.4844035780670135,0.8748446568139253
1087,7,-0.7080290259010437,0.12367551898869517
1088,6,-0.8375385186985869,0.10896925849534408
1089,5,6.123233995736766e-17,1.0
1090,5,0.2656893782256145,0.9640586882021687
1091,5,0.23250446531128421,0.8379890012473007
1092,5,0.0006956564119998456,0.9999997580310489
1093,6,0.1840161462314534,0.9829232207686033
1094,8,-0.24123070079288678,0.9704677990510415
1095,8,-0.3491827607312348,0.937054640673698
1096,10,-0.6382550167599199,0.7698250019197833
1097,12,-0.3339927294391398,0.789674818629869
1098,13,-0.7285840681135803,0.38876521749095994
1099,13,-0.8401501986571063,0.5423537993749328
1100,14,-0.8949496825290696,0.36791494896831
1101,13,-0.8851033970959471,0.4653944310466275
1102,14,-0.615327599280524,0.788271492294163
1103,14,-0.6086544830590648,0.7934353913533871
1104,13,-0.9612394967674425,0.2757147617634465
1105,13,-0.8489477372304333,0.5284768107034852
1106,11,-0.8583320742348557,0.5130945822552507
1107,11,-0.5401721857650387,0.8415545197584173
1108,10,-0.7826172183910926,0.6225032445520176
1109,10,-0.7407944918660468,0.6717317327779933
1110,10,-0.21550837353957022,0.8028175076889105
1111,11,-0.5351741563586337,0.8447417489184637
1112,10,-0.675402955721536,0.7374488778231431
1113,9,-0.2751643154225366,0.9613972121438915
1114,10,0.05907705499132154,0.9982534255255788
1115,10,-0.0030161686954186273,0.9999954513528553
1116,10,0.19527334594540038,0.9807488569268322
1117,8,0.518679247687707,0.8549689105564683
1118,8,-0.19850303811393885,0.7258758498642459
1119,8,0.2901823160894905,0.7243325574994638
1120,8,-0.06908926421865826,0.9976104818864547
1121,8,0.46890941164384076,0.8523903669827723
1122,7,0.337816124250403,0.9412121260355905
1123,6,0.16425421620594435,0.9864180414299867
1124,5,0.3289847582141644,0.8960857044005835
1125,5,0.2532093265754218,0.8663711231058869
1126,6,0.6985329244695112,0.5793078181600294
1127,7,0.9252067464919639,0.3794634056740582
1128,7,0.9590527813314588,0.2832274044304207
1129,7,0.9722846921646231,0.23380007994511934
1130,7,0.8696134841000578,0.49373311441644113
1131,9,0.8651472655003034,0.5015179049618743
1132,8,0.9880816183031779,0.15393087920028642
1133,8,0.8872946239988869,0.06360003961285518
1134,8,0.4349104624726808,0.053887960516196085
1135,9,0.2893225196791973,0.014265608680079644
1136,9,0.19077491966603455,0.19709537274339736
1137,9,0.14305783696315094,0.1279353594672772
1138,8,0.06287753539056574,0.051137547520387905
1139,7,0.021630158249732745,0.04525276584990875
1140,8,-0.006012675593987752,0.036074127312835096
1141,8,0.1607972907664503,0.03145094888091264
1142,4,6.123233995736766e-17,1.0
1143,4,0.3034097721202534,0.952860173468246
1144,4,0.19373818382106958,0.8065236458551276
1145,4,0.01802083078737293,0.9998376116438773
1146,6,0.03721787250609768,0.9993071749798056
1147,9,-0.046457881889212155,0.9989202496748016
1148,12,-0.03610370497120541,0.9993480487234426
1149,12,0.1547175059791548,-0.1378292411889248
1150,11,-0.2301262813682029,0.5127007179474482
1151,11,0.2592988313483342,0.4692013947664912
1152,11,-0.05337802494480476,0.28579542695558735
1153,11,0.2880670802852206,0.5126876722172407
1154,15,-0.3410075572168311,0.7255007189520264
1155,18,-0.16239626599035037,0.6811232251392714
1156,17,0.1532946962982436,-0.040892277929583574
1157,16,-0.11862382143984854,0.08234186257323269
1158,18,0.19208140027949833,0.9813789969561542
1159,17,0.2951226629481772,0.955459373188822
1160,3,6.123233995736766e-17,1.0
1161,4,-0.0301392809507241,0.9995457086815857
1162,5,0.11312981214159429,0.99358021598903
1163,5,-0.03159569429176879,0.9158942404162707
1164,7,-0.3253301529131483,0.9456004926000766
1165,7,-0.4527421733706806,0.891641477529838
1166,8,-0.355992119381207,0.9344889570981973
1167,9,-0.15449110354768308,0.9879941796005779
1168,11,-0.012554463969908877,0.9999211896116754
1169,14,0.056305462136385855,0.8410201587342667
1170,17,-0.3195684682928174,0.8827898474823263
1171,17,0.21892315936485954,0.18311949262500127
1172,19,-0.35824697392845367,0.5733494223272673
1173,20,0.3323223472264,0.9431658695764685
1174,20,0.09259864100053805,0.5115018857651016
1175,19,-0.14670143395485896,0.8448040677470449
1176,19,-0.13611211909334375,0.663019224865683
1177,2,6.123233995736766e-17,1.0
1178,4,-0.2463267682471602,0.9539645673797393
1179,6,-0.2520294165293146,0.96771957363892
1180,6,-0.20034181737716875,0.9182268175728722
1181,6,0.13292010133804566,0.9272939878154274
1182,8,-0.3787208756487183,0.9255109390752051
1183,8,-0.3724823151287353,0.7812779856644562
1184,7,-0.30512467364487433,0.8390992922435422
1185,8,-0.3626149044704154,0.9319390704632528
1186,14,-0.19708994006284122,0.9286315209553714
1187,14,-0.013033343715976616,0.99991506236859
1188,15,-0.2372596518766668,0.9714462710780061
1189,14,-0.23504641673396826,0.971984146980043
1190,15,0.12571201636640036,0.9920667764526206
1191,15,-0.19423237379837366,0.9809555468871405
1192,16,-0.28319454526083887,0.9590624846872631
1193,16,-0.1670653036128697,0.9380429079509061
1194,16,-0.24715932949649758,0.5817828098299649
1195,17,-0.016007756274655695,0.870361526830389
1196,17,0.2942085403579874,0.930364217549472
1197,17,0.6343055745023984,0.773082426494861
1198,18,0.3995576284467311,0.6007388107321561
1199,18,0.5007273045827315,0.7265472728223548
1200,18,0.13858236528304455,0.9903509115624405
1201,18,0.284965370660094,0.9585378122560191
1202,17,0.30610524108431,0.9519976792937662
1203,16,0.421774677811776,0.906700678921535
1204,15,0.2035158035975053,0.9790716611597241
1205,14,0.26969436046971057,0.962945975603426
1206,14,0.08357250307739182,0.9965016993108338
1207,13,0.042292367459538655,0.9991052775632142
1208,11,-0.018783221721884444,0.999529549628487
1209,11,-0.027260600939837103,0.7893571298075589
1210,10,-0.015515639365699403,0.38759625759811733
1211,9,0.03347320288853106,0.33771989361629945
1212,9,-0.009684562208196515,0.22411198506606295
1213,3,6.123233995736766e-17,1.0
1214,3,-0.13634600529730592,0.4647406944867139
1215,4,-0.18238379680836844,0.4402581723748618
1216,6,-0.31143642007438554,0.40439836675225366
1217,6,-0.3787851485024684,0.018244372263684836
1218,6,-0.5687285084783439,-0.10529312273499303
1219,6,-0.5517076302590657,0.09886340360777175
1220,5,-0.9199241973001058,0.03857366263589398
1221,5,-0.28332896844750743,0.07436850249210153
1222,5,-0.40006437172606424,-0.05566905724343412
1223,5,-0.45107211366210465,0.5054352080006427
1224,5,-0.5771333895261018,0.8166498948105686
1225,6,-0.5583890869502709,0.8295791870429506
1226,6,-0.4265911901172088,0.9044445569046139
1227,6,-0.7189546584386486,0.6571541919536898
1228,5,-0.692899945936498,0.7210337474218514
1229,8,-0.7262631880155097,0.6874167453106946
1230,8,-0.7259045608615845,0.6877954408982007
1231,8,-0.49779094734915164,0.8672970498838527
1232,8,-0.252009235214688,0.9677248293634446
1233,9,-0.31960992115655745,0.9475492062675686
1234,9,-0.2708274455759021,0.9626279108372205
1235,10,-0.4707267714397236,0.8822790412618529
1236,9,-0.5639025979333365,0.8258413043945149
1237,9,-0.38825196177747956,0.9215532617141229
1238,8,-0.19563456377401434,0.9806768669938897
1239,8,0.0228592398794934,0.9997386934355056
1240,7,-0.14465066048247274,0.9894827873298173
1241,6,0.054939804024734196,0.9984896684161153
1242,7,-0.05749770433644398,0.9983456385421028
1243,7,0.07696078061967442,0.9970341209037985
1244,6,0.4271845628526705,0.9041644481289743
1245,6,0.5856024796019391,0.8105983813727119
1246,6,0.6607638704261495,0.7505938365983662
1247,7,0.7052122620388409,0.7089962379801893
1248,7,0.772906843189834,0.634519512505585
1249,8,0.7543079970455443,0.6565207122346859
1250,8,0.7461422644377562,0.6657865432852316
1251,8,0.7416336736884851,0.6708051088440826
1252,8,0.739972711774908,0.6726368900294489
1253,7,0.7393131484644541,0.6733617664432516
1254,6,0.7389747680557147,0.6737331015891995
1255,5,0.7388653345086006,0.673853112674783
1256,5,0.7388461867352796,0.6738741071941675
1257,4,0.6817843005010014,0.6218379107051972
1258,4,0.5267539030032702,0.48044040164265
1259,4,0.2566682229689382,0.23407626136219128
1260,4,0.18366946086527708,0.16749579294495312
1261,3,6.123233995736766e-17,1.0
1262,3,0.4374455396240235,0.8992449053862062
1263,4,-0.05759997322542078,0.9983397433160872
1264,5,-0.1853043846866104,0.9071657675581588
1265,5,-0.4668256228173096,0.8843493867704274
1266,6,-0.3730321217441797,0.927818428436855
1267,8,-0.4997998311679378,0.8661409404736049
1268,10,-0.33661786207934485,0.8020034171915968
1269,10,-0.7428320372216582,0.6694778297129196
1270,12,-0.6797676632238312,0.5987611528180398
1271,13,-0.15165364904710477,0.8757595458098875
1272,12,-0.6350715194661005,0.49753009655783814
1273,13,-0.6146109277892112,0.49335211354735486
1274,15,0.00177383480878809,0.999998426753798
1275,15,-0.0518647725554233,0.7735467348011997
1276,15,0.13089632656562977,0.6860993637007778
1277,16,0.20143920685075659,0.607978988498042
1278,16,0.27007442945817883,0.4074414527568202
1279,16,0.19741872989041043,0.5619181256183597
1280,15,0.3823024153042168,0.5789858765521736
1281,15,0.18512009349862443,0.7851697788154413
1282,15,0.3376958647785694,0.27795391265147745
1283,17,0.27252157243701697,0.6340125720253834
1284,15,0.3119140930763391,0.9501103086170389
1285,15,0.06177822914360845,0.8626456698123893
1286,15,0.3087265338084827,0.7086535268313395
1287,14,0.35485590557290825,0.7054722089191209
1288,14,0.24570243114246518,0.9151446900535407
1289,15,-0.19131201611613763,0.9661007022783145
1290,14,0.3498522003499524,0.9368049092048444
1291,13,0.18814804993636644,0.9821406779607199
1292,12,0.12681061214806236,0.991926947232826
1293,12,0.10206871479228445,0.994777350697457
1294,10,0.0884477669579458,0.9960808162594805
1295,9,0.08375122550699308,0.9939919802792496
1296,9,0.08174871870778574,0.9966529721972615
1297,6,0.07254851082610508,0.889996724558834
1298,6,0.03699441641135187,0.4546476406816617
1299,6,0.02693636942577245,0.33125742295342825
1300,4,0.021787334175159136,0.2679771433600498
1301,5,0.018032786062031115,0.22180445025681653
1302,5,6.123233995736766e-17,1.0
1303,5,-0.25539728871987705,0.8124726211082622
1304,6,-0.1284453259984878,0.8680666679949899
1305,7,-0.26201659300892644,0.9650633683795042
1306,7,-0.3117791509218922,0.9213567569076039
1307,7,-0.13038052690642338,0.8503263518977899
1308,10,-0.2580871064136355,0.802824308261337
1309,10,-0.037752842752513976,0.8269536035596515
1310,11,-0.10752975038218374,0.6156955872176143
1311,11,-0.21443600877301944,0.910486061902047
1312,12,-0.4449368342701317,0.8955619540320331
1313,12,-0.47512674950218375,0.7343111309193253
1314,14,-0.8622669688808479,0.5064540200028378
1315,13,-0.499524112383016,0.3396782087613592
1316,14,-0.49927687948872623,0.8664424952690166
1317,15,-0.3860416101142866,0.9224813685166596
1318,16,-0.10160229300666333,0.9948250972184951
1319,16,0.06477540638647807,0.28705355337778954
1320,16,-0.26416606672853543,0.7852079209396154
1321,16,-0.0274862417778002,0.683510794908571
1322,16,0.021390887752877865,0.5371493854491
1323,16,0.046557363967065016,0.2691373299046856
1324,16,0.06915384761810267,0.3899726681204797
1325,17,0.1606801814841464,0.7450802237526877
1326,16,-0.27487123300776334,0.5129582645365978
1327,16,0.08347948852724425,0.5108836805850362
1328,16,-0.06152193178539648,0.9981057318287442
1329,14,-0.15465577893733493,0.6494544510757226
1330,14,0.16123528770721238,0.8749976650300844
1331,15,0.3169212714770726,0.9484518478475097
1332,15,0.20743579098215673,0.6853589696807156
1333,15,0.3788370178473149,0.8883194791443437
1334,14,0.09740717562210625,0.5803896401143158
1335,15,0.392001359401329,0.9028140938063633
1336,13,0.44774794212469393,0.8941598181103318
1337,13,0.4723232556542281,0.8814254036322022
1338,11,0.09256513413504187,0.9957066314645904
1339,9,0.3785428978775841,0.853049120278826
1340,8,0.5527698493373706,0.8333339628645532
1341,8,0.23485993264538368,0.581465614519736
1342,8,0.379867129375226,0.5136506226960373
1343,7,0.22304892985208633,0.31356850425047955
1344,7,0.1671040086897881,0.19019560381533668
1345,6,6.123233995736766e-17,1.0
1346,6,-0.1200754188122424,0.9927647726410646
1347,6,-0.33116618529964337,0.8036247119103973
1348,6,-0.34004731015592826,0.84290875435882
1349,6,-0.2791778105607301,0.9053224394742595
1350,6,-0.35429484749649104,0.5302581368980386
1351,10,-0.22270818132930204,0.37346662311659995
1352,9,-0.15961318460453322,0.29592760580746896
1353,9,-0.6812940644424893,-0.030378140885428395
1354,8,-0.6156359533803086,-0.49756913671840014
1355,9,-0.7840998048653071,-0.5156056108011174
1356,8,-0.6287530970139923,-0.4355321915727946
1357,8,-0.9822402233088368,0.18762767310342718
1358,9,-0.7768720399019935,0.15533253838610658
1359,9,-0.7956384870054298,0.6057717375346183
1360,8,-0.7018631860002842,0.712311777340183
1361,9,-0.549491076009427,0.6397004149502508
1362,9,-0.33786309080906884,0.9411952676617871
1363,9,-0.20670107752206504,0.9784041417283643
1364,9,2.0718721399770613e-05,0.9999999997853672
1365,10,0.32045392542503864,0.9472641034472297
1366,10,0.12838670389110576,0.9207538728570849
1367,10,-0.0354847100390361,0.6613863397244024
1368,9,-0.2863407944044331,0.7679878864113204
1369,9,-0.20350484233064264,0.5246816356237118
1370,8,-0.6766726922380162,0.03464340700065132
1371,8,-0.4137887460465631,0.006247483463319491
1372,8,-0.4397739384133651,0.21620384259826234
1373,7,-0.26923631046941093,0.9630741451855195
1374,6,-0.20626553458055724,0.9784960547923517
1375,5,-0.2846253437968672,0.958638833799526
1376,4,-0.43747693870110355,0.8992296303529543
1377,5,-0.3855318938348359,0.92269451002817
1378,6,-0.19192311884987986,0.9814099634968737
1379,6,-0.198676962916179,0.9800650307027606
1380,5,-0.09409732243047687,0.9955630034866778
1381,6,0.06309516496802757,0.998007515080752
1382,5,0.1564284980483285,0.9876892856553341
1383,6,0.2849919030710402,0.9585299239898287
1384,6,0.15081067424487676,0.9885626639388145
1385,6,0.32069329891162096,0.9471830910828073
1386,5,0.5085261258866662,0.8610465604662145
1387,5,0.31307885865567175,0.6426530433624111
1388,7,0.513384124377992,0.8434400332909047
1389,7,0.8150817418352364,0.5793459710111368
1390,6,0.9036980743264176,0.42817028208263663
1391,8,0.9418353527116475,0.33607464703920537
1392,8,0.9539414630608838,0.29999280833590086
1393,9,0.9596413936082399,0.2812265913345238
1394,12,0.9613102377386155,0.27546801414851513
1395,12,0.9112667183337562,0.259079673957104
1396,13,0.7286204921217551,0.09380472536262804
1397,13,0.34293246671460464,0.3949568699992353
1398,12,0.12885464430628657,0.2937599513325633
1399,11,0.1171213271076954,0.19646828441676056
1400,11,0.45916214553516904,0.15301959650849237
1401,12,0.13315123008327823,0.015831548007123608
1402,11,0.20587670104109543,-0.014403254355917683
1403,10,0.2644178319311141,0.07573828754930585
1404,10,0.24631152447408952,-0.006493393253195203
1405,5,6.123233995736766e-17,1.0
1406,5,0.0977285006038119,0.6185781868580504
1407,5,0.33647101500401616,0.5930584314536304
1408,5,0.07709565025945851,0.3903658381441244
1409,5,0.3484120069146065,0.3597068628428568
1410,6,0.26012020886777226,0.6000022948693122
1411,6,-0.02463525418443932,0.9264626890631611
1412,6,0.35085349864173954,0.5147519062144686
1413,6,0.5394408137861332,0.5465177296743776
1414,9,0.11696929557723522,0.7580875533123321
1415,12,0.17439049649836424,0.714748502774275
1416,13,0.021383132253920006,0.9037823866451087
1417,13,-0.17139450935490938,0.9852024777491122
1418,15,-0.645146426743778,0.7640589558795414
1419,16,-0.8868047566585593,0.46214426705061856
1420,16,-0.46715944896582845,0.352543161427057
1421,17,0.02178433528477267,0.6714622189777418
1422,17,0.039667592827370646,0.5616534500805122
1423,17,-0.4645845683940356,0.3331115323060418
1424,16,-0.45789925152955463,0.3042471106875094
1425,16,-0.738619544107901,0.1694266889953081
1426,16,-0.4163028585725212,0.5549753176895292
1427,16,-0.4884846101231859,0.3914289323634679
1428,14,-0.4806123333190272,0.3431922287630397
1429,14,-0.704515345217269,0.5326438239450528
1430,14,-0.3519596451525838,0.8287518521958054
1431,14,-0.47443425688554997,0.8802909382093264
1432,14,-0.4435873799644861,0.8962311288592038
1433,15,-0.5233091880410493,0.7702786319540832
1434,14,-0.6608073554435835,0.7505555535679271
1435,12,-0.1548046306512899,0.8966953758843307
1436,11,0.008156111372971083,0.8506755706219405
1437,11,0.2793479010720574,0.960189955251895
1438,10,0.09408016850641447,0.9955646246697422
1439,9,0.34753080412845155,0.9376685662758627
1440,10,0.44950579433469623,0.8932774153976657
1441,10,0.5030034571108084,0.8642843988726021
1442,11,0.522146685971164,0.8528556960760306
1443,10,0.5296617115814587,0.8482089785451459
1444,10,0.14116036190696943,0.9142321684745757
1445,9,0.46443523945167997,0.8721103760186488
1446,8,0.4765635486819218,0.7404056725338585
1447,7,0.5924029048835211,0.7598346111486228
1448,7,0.491359106322987,0.6039512260227838
1449,7,0.08685259616788713,0.2724955456914624
1450,8,0.17197042413699237,0.1389962164661925
1451,8,0.16524394861552263,0.175795881716716
1452,7,0.1412083761091639,0.1562634370474251
1453,2,6.123233995736766e-17,1.0
1454,2,-0.15626993610051781,0.9877143853721784
1455,3,-0.28670310686238404,0.958019482325624
1456,4,-0.10527324420338494,0.5599446641633277
1457,4,0.5078251077931824,0.5253091295935733
1458,5,0.8842695325634695,0.10312537566742552
1459,5,0.8728821106659989,0.37589354771681754
1460,8,0.6880184500227846,0.7256931944205106
1461,8,0.5670095242565454,0.49731897533461594
1462,7,0.578248403420835,0.799464464748095
1463,10,0.7077194094273354,0.7064936217120602
1464,11,0.6775014969254521,0.7355213944296737
1465,12,0.6678990944926186,0.7442518388126025
1466,11,0.6280426029342834,0.7781789568598794
1467,11,0.4271685577874656,0.9041720097623995
1468,11,0.7387656989602683,0.6739623446749425
1469,12,0.7413478749310314,0.6711209491106979
1470,13,0.7823661579103731,0.4675677640531064
1471,12,0.4325571442249544,0.4798057716571031
1472,12,0.9319649888669698,0.049514174302356016
1473,11,0.8967585179151306,-0.28489898537508496
1474,9,0.9910500423045087,-0.13349087477513807
1475,8,0.6240452195869128,0.020992642756377612
1476,8,0.37930523425499185,0.42190992349885403
1477,9,0.05628670392975994,0.7111629904122161
1478,10,0.19061818654067564,0.6859271975144012
1479,10,0.5874736547082393,0.3361871633280538
1480,10,0.03458862716355871,0.3558126212470754
1481,10,0.16793287043772492,0.9857984332644003
1482,10,0.12573072097221813,0.9920644060764433
1483,10,-0.057717910824767,0.9983329318268652
1484,9,0.3093330423167338,0.9509537680303253
1485,8,-0.04743835755915159,0.9135262673825958
1486,8,-0.32925946609608575,0.9442394844456149
1487,8,-0.3917808380473837,0.9200585714718872
1488,9,-0.8747050832188736,0.4846555657279336
1489,10,-0.8047834050385718,0.5935685899494025
1490,11,-0.4828344838584377,0.8757116313017408
1491,10,-0.22870120104122713,0.9734966669908532
1492,10,0.2981629400806051,0.9545149873954256
1493,10,-0.5085070457458839,0.861057828735558
1494,10,0.10672040111234182,0.9942890706361107
1495,8,-0.459990866328651,0.731443996784494
1496,9,-0.5416675639351338,0.5868921917606981
1497,9,-0.7950089082795398,0.28317888997715734
1498,9,-0.9474874542205944,0.3197929394070122
1499,9,-0.9499945527746638,0.3122664722612186
1500,9,-0.9509262062721833,0.30941776003454163
1501,9,-0.9514053909911239,0.3079411989212011
1502,10,-0.9515490090335896,0.30749712747795477
1503,10,-0.9187197148068459,0.2967271288379741
1504,9,-0.9516443242315696,0.307202018479435
1505,9,-0.8056326082085374,0.2600364641576863
1506,9,-0.28030007700833953,0.16209328252321237
1507,9,-0.29351523452473627,0.09452948351104704
1508,9,-0.2779817751977012,0.05171747086630375
1509,8,-0.2791662619074868,0.08100184611698959
1510,4,6.123233995736766e-17,1.0
1511,4,-0.33051043377514483,0.9438023379743057
1512,4,-0.07631520919606218,0.9970837421427357
1513,5,-0.029929108698624318,0.9995520238849531
1514,3,-0.1843783540653241,0.982855341620608
1515,4,-0.09913330298055258,0.51606832302909
1516,5,-0.5277672827936297,0.46802946540098
1517,7,-0.5381462673436788,0.5022919080679342
1518,6,-0.6319351990504734,0.5086860930385351
1519,7,-0.9141512837090129,0.3180635278788335
1520,10,-0.8124823944179301,-0.02470875887300444
1521,10,-0.5667075046061006,-0.20950950135535396
1522,11,-0.9845982255880286,0.13019002353889442
1523,11,-0.952197054517222,0.2947895688971536
1524,11,-0.8238306953733662,0.5668359421919503
1525,11,-0.8629950193611842,0.5052124271608818
1526,10,-0.8026968363901685,0.596387280925084
1527,10,-0.5536281654772089,0.8327639848062236
1528,11,-0.19947645720249202,0.9002182578674158
1529,11,-0.54891638028753,0.8358772681752004
1530,10,-0.23626971215645903,0.7924595233146664
1531,10,-0.03620626040298888,0.34378326482353955
1532,9,0.023250265796142706,0.6779664865935524
1533,10,-0.13671738427036406,0.8727050969418411
1534,10,-0.13186293617546058,0.9912679587594802
1535,10,0.0880993314019178,0.9961116944432161
1536,9,0.05757230679155719,0.5779843477208817
1537,9,0.34015693845598444,0.7661007616552882
1538,9,0.49606891923131685,0.8545964482483271
1539,10,0.551307048608043,0.8343024260752745
1540,10,0.5749532722518387,0.8181862469675857
1541,11,0.5869664149854513,0.8096112818378502
1542,11,0.5943911899769971,0.8041760461974289
1543,11,0.597882947987393,0.801583420802791
1544,11,0.5999169278722635,0.8000622973570904
1545,11,0.6007718521694745,0.7994205286586398
1546,11,0.6011519305469056,0.7991347548440928
1547,10,0.6013773818949054,0.7989651084654631
1548,11,0.6014643277275916,0.7988996573232438
1549,10,0.601526919074667,0.7988525305890561
1550,10,0.6015463318619171,0.7988379126102317
1551,8,0.6015854889192462,0.7988084247939499
1552,8,0.5980093247084058,0.7940432747719222
1553,7,0.4714857152608496,0.6260404579354165
1554,6,0.2313941909157028,0.30722010977815534
1555,6,0.16605048255477145,0.22045655953008966
1556,5,0.13385016337811897,0.1777044863319873
1557,5,6.123233995736766e-17,1.0
1558,6,0.1637899476317274,0.8873735327565849
1559,6,-0.07149181722937394,0.9499556515956318
1560,7,-0.029462895679701267,0.9995658746566767
1561,9,0.5717891357749793,0.7982107728035863
1562,11,0.6521818491153974,0.7162769169347143
1563,11,0.1877375047832258,-0.20243755813118694
1564,11,0.6790793962667289,0.2172791318666523
1565,11,0.36155782076890247,0.256725765890035
1566,11,0.14316745578044854,-0.09390595792217053
1567,10,0.13852027448858772,0.25723280495386197
1568,11,0.8769766095739903,0.11965437819728475
1569,11,0.8156253406419443,-0.16976756208999969
1570,11,0.5921912813197273,0.09179326610007457
1571,12,0.5174412470411076,0.34034192989588946
1572,12,0.6606078925565804,0.689213337527388
1573,12,0.6279041779489871,0.7782906547776395
1574,12,0.7306881313278042,0.6827113993018439
1575,12,0.5459641827689055,0.33210743224486433
1576,12,0.7613175516275502,0.13369892096467625
1577,11,0.5689455564391421,0.5475358161489631
1578,11,0.4030719089238807,0.26411267708250274
1579,11,0.6996360543658909,0.6690117981458178
1580,9,0.6896380561057999,0.6826887551352253
1581,9,0.3030810004656022,0.8538811352843507
1582,9,0.2907709986698611,0.8080023142812092
1583,9,0.6491657503418935,0.5683418052552905
1584,9,0.7348159060673253,0.6782666025910872
1585,9,0.6328247389183822,0.7742950663751393
1586,8,0.6903045260334333,0.7032418857458884
1587,8,0.3038773723084386,0.8402919450671451
1588,8,0.559200065404946,0.8290327417244171
1589,8,0.1282821804154703,0.9917377083623737
1590,9,-0.025980313654239962,0.9749829657351864
1591,8,0.07177368491879957,0.7914306437281645
1592,8,-0.2659712253804221,0.6153649502778655
1593,8,0.4805566617729136,0.8769636793081419
1594,8,-0.3781069314053222,0.6534585889892105
1595,9,-0.2801027826952771,0.9599700157433889
1596,9,0.0069477060296802015,0.9999758643991989
1597,9,0.02840141046369652,0.45514517846464575
1598,9,-0.2612690798176616,0.6650277377671647
1599,9,-0.49004284127967873,0.3644803416881722
1600,9,-0.4588013924075477,0.4269391830391234
1601,10,-0.7514250893291268,0.4580202684311214
1602,10,-0.8390949331590497,0.3418644325027986
1603,11,-0.9829398365078599,0.029607206538507253
1604,12,-0.2808740421473618,0.18599886233245638
1605,11,-0.24662782430301028,0.09071655051366243
1606,12,-0.1311482750574518,-0.024439670142151957
1607,12,-0.17822535580531562,-0.1200366459619828
1608,13,0.049276534183392645,-0.16176750542324186
1609,13,0.4421669412140343,0.15355714309490087
1610,13,0.5017748565012506,0.13225865151665459
1611,12,0.14178206682266956,0.41610499301851567
1612,11,0.4255701112380547,0.43264012115020445
1613,10,-0.07650048422614732,0.8773746770143169
1614,9,-0.06259737165288894,0.7236209242066619
1615,8,-0.2760263915800451,0.44294978238643773
1616,7,-0.6152649745479383,0.7883203733854179
1617,8,-0.743756527261817,0.6684506175892443
1618,9,-0.6125884078140117,0.7904020765483186
1619,9,-0.6045686215396311,0.5706264013293647
1620,10,-0.9838108155388767,0.17921015381035277
1621,9,-0.9999571976821119,0.009252178323927425
1622,9,-0.9982345088250706,-0.059395836476726555
1623,10,-0.9952576202905049,-0.09727419623765216
1624,9,-0.984910776461057,-0.10879753497496486
1625,10,-0.6762199298579836,0.11730930402408772
1626,11,-0.5152819456384389,-0.3113529879191668
1627,11,-0.7384260577918819,-0.1271885374496805
1628,11,-0.13302203420087763,-0.37318866467090783
1629,11,-0.11060378273627179,-0.22987455453272226
1630,10,0.03815320188820711,-0.14009467752414592
1631,10,0.08652470823490503,-0.11130078945980651
1632,10,0.13226795540183023,0.1870330722427801
1633,10,0.017120117859199906,0.04141275644524933
1634,10,0.06786958702078831,0.0715559544747535
1635,10,-0.3204101735978241,0.183933716079953
1636,10,-0.17366323208979018,0.43784047223150624
1637,11,-0.2867431084199898,0.1487611211953184
1638,9,-0.247655939382099,0.009276857613231848
1639,8,-0.22189428794389454,-0.054920376670020914
1640,3,6.123233995736766e-17,1.0
1641,3,-0.3456884024383772,0.9383493637337869
1642,3,-0.13089551857280646,0.9913961686518443
1643,4,0.12068673741231783,0.9926906423517703
1644,4,-0.029396558073033537,0.9995678278003243
1645,7,-0.027803671373144014,0.9996134032005445
1646,8,0.3812840628279605,0.9244579295097229
1647,9,0.5500557470217892,0.8351279394010845
1648,13,0.26102910421852127,0.780985614659588
1649,13,0.28991556657445544,0.2072970190318724
1650,14,-0.07695367550721079,0.4731282451082105
1651,14,-0.32069485715154106,-0.20584454765270158
1652,13,-0.6083942477901588,0.001747096019486173
1653,14,-0.33126110646078016,0.547340166046217
1654,13,-0.24519219686227028,0.5447883134313165
1655,16,-0.4074413751216772,0.9132313649010073
1656,15,-0.7522040195543539,0.03710871607860803
1657,14,-0.8256430912982753,0.5641927736079467
1658,14,-0.9981808534810269,0.06029082636594591
1659,4,6.123233995736766e-17,1.0
1660,4,-0.022961900115988823,0.7022367672553125
1661,5,0.13877868742838978,0.6956162113541747
1662,4,-0.3475452799114379,0.6535029329615316
1663,5,0.012018726750388673,0.5868134142806077
1664,5,0.06951839624144868,0.8224655256283878
1665,5,-0.3805611328376859,0.6590028955095831
1666,7,-0.4762784372261389,0.47184330346756137
1667,9,-0.4301187158626223,0.6000813947219756
1668,9,-0.41759010682638487,0.3697462712588121
1669,9,-0.08967433236295014,0.39352282827940976
1670,11,-0.24068898699331454,0.19981666537295306
1671,12,-0.2703353009576461,-0.061958456699187835
1672,11,-0.14876651148391418,-0.20414913521566772
1673,12,-0.7642245393579605,0.2815454367304466
1674,14,-0.862210131307372,0.5065507767943154
1675,14,-0.8745017687330651,0.4850223257570117
1676,14,-0.9478276992104777,0.19597116528187733
1677,13,-0.7617914823745205,0.1627405814716962
1678,12,-0.6908311127385856,0.7230161641847074
1679,12,-0.7332354247777875,0.6799748611904248
1680,12,-0.5226349363058614,0.7989876917664676
1681,13,-0.46940010672142124,0.742630864517249
1682,13,-0.4630248347056332,0.8863453065514709
1683,12,-0.629058320977694,0.7773581084730026
1684,11,-0.7483116111879304,0.6633473694538358
1685,11,-0.521918619590332,0.5692181631908699
1686,9,-0.13720118338113474,0.990543202126397
1687,9,-0.1878194827662694,0.9822035643864315
1688,8,-0.13903486613675978,0.9902874865403144
1689,7,0.22710956745543484,0.9738692131750574
1690,7,0.13463718141724684,0.9908949638483482
1691,6,0.39980434739373893,0.9166005039301837
1692,6,0.5571408804657165,0.8304179907214717
1693,6,0.6302321652085277,0.7764067348603895
1694,6,0.6722783404478309,0.7402984755925885
1695,6,0.6909836986663952,0.722870339810196
1696,6,0.6998150857135542,0.7143240481796275
1697,7,0.7050317470032619,0.7091757438868934
1698,9,0.7072646918618717,0.7069488352388252
1699,9,0.708496557201102,0.7057142682659785
1700,9,0.7089497841891316,0.7052589620119575
1701,9,0.7091303097513735,0.7050774452440818
1702,9,0.709247430725579,0.7049596314748561
1703,10,0.7092856059976256,0.7049212219280826
1704,10,0.7093381965397986,0.704868301833517
1705,10,0.6446795225259465,0.6405956710134236
1706,9,0.4959084934534611,0.49276226947886215
1707,7,0.24125697568097995,0.2397001495803656
1708,8,0.1725337940466461,0.17141303829421398
1709,5,6.123233995736766e-17,1.0
1710,5,0.4597349657148438,0.8880561701261759
1711,5,0.4571452518454177,0.8893920500629571
1712,4,0.7791307619880209,0.3899788080935311
1713,5,0.8093526486208065,0.20050965778511512
1714,7,0.8577297701062102,-0.0031978003014872716
1715,8,0.8886680516270123,0.4585510811430387
1716,7,0.3359806227208306,0.2281516592225071
1717,7,0.5171338982417473,0.4793967912204337
1718,8,0.578861562296105,0.2745809081911436
1719,9,-0.4700610530510422,0.05771415645643062
1720,8,-0.8535334307491624,0.03972326452508232
1721,8,-0.999230604988234,0.039219868113595506
1722,10,-0.8800541916865324,0.01511234633758846
1723,11,-0.9989817060232329,0.04511708136516712
1724,11,-0.9827185424105792,0.18510609498994499
1725,11,-0.7946506370298513,0.13204700839086306
1726,11,-0.5984922391362814,-0.24209294070609488
1727,11,-0.7381952526133048,-0.038183236589348024
1728,9,-0.9294041885622947,0.16439535385834572
1729,9,-0.9368450175843138,0.3497447827022538
1730,8,-0.5739906287394759,0.2664039011816881
1731,8,-0.3577878701779675,0.4962961675652808
1732,8,-0.24905748989368703,0.5164014849114151
1733,8,-0.509305184793955,0.8605859798660418
1734,8,-0.5999853348896691,0.8000109986227262
1735,8,-0.33883524264650167,0.542243657907246
1736,10,0.13236152228615006,0.5633877555712138
1737,12,-0.18671077534714195,0.8513880325540154
1738,12,-0.5559937256651833,0.007071829400903477
1739,11,-0.26276943911963746,0.0900823298037308
1740,11,0.057463777185989114,0.5218451995647403
1741,11,0.1869275387437053,0.715234464397992
1742,11,0.12842394098840393,0.8419098953198165
1743,12,0.2302342182777473,0.21084609505699572
1744,12,0.1603680892328974,0.3577956817457656
1745,12,0.08550292352562515,0.10355667740340063
1746,12,0.15508807300422184,0.11521303052125009
1747,12,0.3455242069738659,0.22980314086535428
1748,12,0.5221141459683217,-0.06396878589250476
1749,13,0.5773009692743235,-0.1505681146317384
1750,14,0.8202352998803153,-0.0828081039589355
1751,16,0.7157673319475684,0.23875673371139963
1752,16,0.47332452270414677,0.43444072154878943
1753,16,0.29298942104944936,0.5195354276768538
1754,17,0.29501349047055286,0.6395135235513961
1755,16,0.01974023786321073,0.9998051425198331
1756,16,0.26295253291202403,0.573119668555975
1757,16,-0.1588388550336636,0.8222433995799054
1758,15,0.1584748149535321,0.5686918337361295
1759,18,0.15856177907371333,0.9266906532046774
1760,17,0.4801175942724858,0.5458236042524395
1761,17,0.29688197991089016,0.8477743564767739
1762,17,0.41285483153584523,0.8958662607085729
1763,17,0.19729905998022773,0.9803433484911899
1764,16,0.09586968585200045,0.9953938935590467
1765,16,-0.28407303850909954,0.958802643296423
1766,15,-0.0860760876767862,0.9962885661946835
1767,13,0.019112159103455626,0.9998173460059613
1768,12,0.051835820824795896,0.9986556201611343
1769,9,0.12754216200316199,0.9918331497341472
1770,9,0.07862014259209406,0.48615929051668116
1771,9,0.46338793772850695,0.4212532071595279
1772,9,0.19091076557518866,0.26412737459812136
1773,9,0.09445359156633235,0.2682489150624975
1774,8,0.18765886289022435,0.10994032135292303
1775,8,0.23015664408112813,0.005573190540134239
1776,8,0.47250137279746895,0.33868846092189875
1777,8,0.30077558164899293,0.1572060074962963
1778,9,0.052653986355444084,0.6397025914529627
1779,9,-0.05317992872312996,0.3164003813866997
1780,9,-0.18358855912366467,0.1849242347853501
1781,9,-0.23526047522835536,0.12392980410410967
1782,9,-0.1673267012819298,0.12573411090551545
1783,9,-0.009390579756581868,0.05889441083091714
1784,8,-0.07500597185007815,0.18256606194309172
1785,3,6.123233995736766e-17,1.0
1786,4,-0.20949667159494,0.9778093600445037
1787,4,-0.028665162654801703,0.5895218032553937
1788,4,-0.02615781831649556,0.9133947180484363
1789,6,-0.027461368981192395,0.9996228654916207
1790,8,-0.23004206594327264,0.9731806861505992
1791,8,0.26159796701200133,0.9651769286794976
1792,11,0.6184454003616717,0.7858277716977757
1793,11,0.39258690907676436,0.4028953135000135
1794,12,0.23034222891940562,0.27779696437607027
1795,14,0.6453610215866554,0.7638777073698567
1796,17,0.18867790198604295,0.9149702181995018
1797,17,0.40484239081063095,0.8816444099187271
1798,18,-0.26166910209492517,0.9651576456770343
1799,18,-0.06539739369171658,0.9978592991490988
1800,18,0.10775949378542654,0.8565297640726929
1801,19,-0.040759777610161765,0.9991689749632793
1802,18,0.6587550618698892,0.7523574738518907
1803,18,-0.33249083955730985,0.4223987760703294
1804,18,0.4260851644276129,0.5657577278928575
1805,18,-0.3762901950223352,-0.047499487687252366
1806,18,0.03407572927155232,0.23312880482876341
1807,18,0.31801171295798625,0.7367205626841482
1808,18,0.07819768180654871,0.6080487629018604
1809,18,-0.1801403029102909,0.5414514898099089
1810,18,-0.004064063618010375,0.38918886794085783
1811,18,-0.5323599585196871,0.510549489264505
1812,18,-0.49640140687912393,0.5881412277163068
1813,18,-0.6184784987689438,0.5948677503334235
1814,18,-0.8614402440400096,0.5078589429637806
1815,18,-0.7782510542755722,0.6279532598203152
1816,18,-0.8795100086076193,0.4758803891305308
1817,18,-0.7912027936667378,0.6115538727650651
1818,18,-0.4610811979428944,0.8873579485774303
1819,16,-0.3014601214824219,0.9534787858970977
1820,16,-0.13324998773380844,0.9910824591167678
1821,13,-0.4183954602578065,0.9082649607001573
1822,13,0.15175811976108242,0.9884176612579224
1823,10,0.466741030719625,0.8843940356214429
1824,11,0.5428252992527393,0.7984009698591129
1825,12,0.5087795355932009,0.8608968487348335
1826,11,0.3636866624079712,0.6165537198907534
1827,10,0.15359449628223473,0.3746051397115347
1828,10,0.23122119016329706,0.24081307481660602
1829,10,0.20954496453739133,0.1887538082314263
1830,9,0.13973381778442534,0.16365936968614217
1831,4,6.123233995736766e-17,1.0
1832,5,-0.015913780732477963,0.999873367773539
1833,5,0.4596061555814069,0.8881228415887521
1834,5,0.5986601855360539,0.8010031100151469
1835,6,0.7362985564795214,0.554380248458249
1836,7,0.888273638008234,0.4593146459885825
1837,8,0.18017465557799195,0.20121393467762355
1838,9,-0.1856116024645184,0.23223271422426756
1839,9,0.10439433873714339,-0.13966616581655655
1840,9,0.4404517428473076,0.06714720280586171
1841,9,0.32783844042893323,0.0868148718851939
1842,9,0.5877220059603941,0.3755121515551219
1843,10,0.4744137360352685,0.1887530416942666
1844,10,-0.060169564942239205,-0.18840791439476443
1845,10,0.21186097663978135,0.3371162270689698
1846,10,0.4676057815176,0.8839371205528788
1847,12,0.6562257975868903,0.7545645781385777
1848,13,0.41530032097600394,0.816669307427534
1849,13,0.10156618743729125,0.3641724699829811
1850,12,0.04605377452987429,0.08363259204088981
1851,13,-0.034530245733811894,0.5817271309146244
1852,13,0.06690928710049064,0.3120272395755427
1853,12,0.22055778467542553,0.5006020076208122
1854,13,0.4887820084719756,0.5054985431835505
1855,13,0.36561819843260007,0.9307649182123808
1856,13,0.31853528455373004,0.10079315507941722
1857,12,0.24506996464348324,0.326109981307271
1858,12,0.26165126080686185,0.8102488041669688
1859,12,0.20687377017866532,0.662112155057819
1860,14,0.18349176152285085,0.5583370971122767
1861,13,0.12237807928932184,0.9924835543773289
1862,13,0.9145763648784411,0.3094495842906163
1863,14,0.42647375979767355,0.4354706542363641
1864,13,0.5952350061616732,0.4633058972078248
1865,13,0.1561391883713144,0.4429256102786499
1866,13,0.004494026841106463,0.46214415681255333
1867,12,0.014879343477786435,0.3496395998185737
1868,12,-0.11239090778222126,0.7397218640836298
1869,11,-0.3450729497142077,0.3899216864136793
1870,14,-0.6098081467729042,0.7925490673323615
1871,15,-0.7183802522132252,0.6956506402139389
1872,15,-0.6650358682096535,0.7330185347757356
1873,14,-0.9185996096068029,0.39518952064829516
1874,13,-0.2365510183926978,-0.2440612422284309
1875,13,-0.5431782067414638,0.12140575563569081
1876,14,-0.7296964781674988,0.40454564400225185
1877,14,-0.6759021002340945,0.7369914184704868
1878,13,-0.8049879786876056,0.2807043881026148
1879,13,-0.5896166505274442,0.8076832333413873
1880,13,-0.733236948914841,0.679973217668207
1881,13,-0.5211253722778897,0.8534801382388643
1882,12,-0.4970034694944032,0.5859871732226227
1883,11,-0.25018431417475867,0.31726105800397625
1884,10,-0.3410513310905865,0.8906615506292948
1885,10,-0.5777699981128099,0.6706052323799698
1886,8,-0.30300168594975835,0.952990020048271
1887,9,-0.23400390445070102,0.969303162934283
1888,9,-0.1707386754965765,0.7687224021224659
1889,9,-0.11157400281413477,0.4182005953645336
1890,8,-0.12552912969943097,0.3414551433648387
1891,8,-0.09725079252361656,0.38426822051415604
1892,3,6.123233995736766e-17,1.0
1893,3,0.40740045254850754,0.913249621551124
1894,4,0.4103697172738949,0.8961595115032428
1895,5,0.6144234946938507,0.7685227233569784
1896,7,0.38643838898925653,0.9077776918699695
1897,7,-0.08306940683390243,0.7580256983922952
1898,8,-0.44370208848685816,0.6091280630218229
1899,7,-0.7562635596533183,0.6542670925092381
1900,10,-0.7647581974675397,0.6443173902714403
1901,12,-0.531711991131968,0.8469252378377197
1902,13,-0.35822292556221164,0.880473180090103
1903,14,-0.481701054798448,0.45576107030275453
1904,14,-0.4040972822444895,0.2216014403605026
1905,15,-0.5955371271298858,0.545324574192473
1906,17,-0.711331161728156,0.7028570113148704
1907,16,-0.7007469345133032,0.273214091883665
1908,16,-0.9084183277487182,-0.1260137865683234
1909,15,-0.43233402076549826,-0.5504844947316843
1910,11,-0.5870374796213941,0.28151446323933543
1911,9,-0.9002260995814472,-0.20447479905285085
1912,9,-0.8976876955290121,0.4406322744600215
1913,9,-0.6572458795454628,0.40485079977865474
1914,10,-0.4378005848713743,0.6841941084327153
1915,10,-0.558953300075633,0.8291991367184118
1916,10,-0.5108508306479539,0.8449864917839123
1917,9,-0.723668884660642,0.5824247749441818
1918,9,-0.3022412474056997,0.35881674983813133
1919,9,-0.4385212296454751,0.05445387576611282
1920,8,0.09247334238716412,0.10653190008392247
1921,8,-0.16693331506962908,0.34982025049891324
1922,8,-0.47467125741350225,0.8801631652060229
1923,8,-0.279441664292495,0.9601626717684043
1924,8,-0.5351725845727755,0.7826353698162896
1925,6,-0.08576223401038847,0.6144081416277682
1926,7,0.13835299360515235,0.753084401452761
1927,7,-0.13013817982817205,0.46798728323631655
1928,7,0.25895706279043845,0.16587679700808228
1929,7,0.027601776877419503,-0.32509427303359617
1930,6,0.3889586099121711,-0.3010109990796946
1931,7,0.58510090732203,-0.45723774572127235
1932,5,0.7808677447623852,0.6246963784029058
1933,5,0.8612881757090487,0.5081167960063698
1934,6,0.8096641768540384,0.5868934492046001
1935,8,0.8446555864109633,0.5353101347300943
1936,8,-0.40674197516099647,0.6609991668757177
1937,7,-0.24030675656773934,0.6218549141734039
1938,8,-0.3011158418500274,0.6259597374232888
1939,8,0.09741264399903965,0.9009148363199055
1940,7,0.40770970186104977,0.8677334090235249
1941,6,0.6890856803401065,0.7246798777047784
1942,6,0.7660822126905732,0.6427425949780483
1943,7,0.3802345817492146,0.9248900814918494
1944,7,0.4495083033037429,0.8932761528558737
1945,7,0.44810493439760224,0.8939809661108679
1946,8,0.7845823877625202,0.6200245775877457
1947,7,0.8588698552675533,0.5121938809793534
1948,7,0.8297712229694165,0.44488107363590473
1949,5,0.8926833937386902,0.450684322495441
1950,6,0.5162514251998095,0.45222756568259403
1951,6,0.3617695550455156,0.17862833221491253
1952,6,0.20488037919711666,0.20944938740080485
1953,6,0.18615927596317663,0.3243918172973796
1954,6,0.13374271346386948,0.22396910224493047
1955,4,6.123233995736766e-17,1.0
1956,4,0.03733495394226069,0.9993028075684213
1957,6,0.02902183029797232,0.9995787779690782
1958,6,0.0023188529275669895,0.9803752654449098
1959,8,-0.19971444188627455,0.8181832781715709
1960,8,0.11127879967625787,0.9726588233553471
1961,8,-0.4290719787254556,0.9032703012236272
1962,10,-0.39336183428579236,0.8860239226775868
1963,13,-0.29476344460451775,0.9548147989609674
1964,13,-0.5136267897922583,0.8580137066549108
1965,14,-0.7088239113800294,0.7053854709702463
1966,14,-0.7260010377891332,0.687693604106583
1967,14,-0.5214803215271606,0.8532633088677429
1968,16,-0.5118325940702529,0.8590852086069901
1969,16,-0.21654408560398666,0.976272840444685
1970,16,-0.5466198953632307,0.8373808512218862
1971,17,-0.31205786966038934,0.9500630957904951
1972,18,-0.12506063509866092,0.9515713960309953
1973,18,-0.3829217290641543,0.9237807907780495
1974,18,-0.07098846600428706,0.9974771364268747
1975,18,-0.658271205996846,0.7527808574581701
1976,16,-0.13868748228289537,0.8841683048489375
1977,16,-0.42934463034411413,0.9031407356523544
1978,14,0.09510388645773057,0.986413248680806
1979,15,0.050678615229182426,0.9618036768794251
1980,14,0.14932684470203655,0.9887878910319108
1981,14,0.438324410283887,0.8988168397116749
1982,14,0.04096397181012011,0.999160624230929
1983,13,0.491630100497836,0.870804136579798
1984,13,0.6352028342396577,0.7723453627580772
1985,12,0.7005664866133848,0.7135871340167073
1986,12,0.7191054626049668,0.6949009524037917
1987,12,0.7027026091140195,0.6670305673939241
1988,12,0.7284732246614813,0.6850742740399051
1989,11,0.6209437690123347,0.5826909458032867
1990,10,0.18339478163860612,0.2086068830847839
1991,10,0.2269871210399497,0.2126871482800663
1992,10,0.20122796610635016,0.18350047062139907
1993,10,0.1695451247037096,0.15382623736621248
1994,2,6.123233995736766e-17,1.0
1995,2,0.2564661262131263,0.9665532194893527
1996,3,0.10650213114339976,0.994312474055271
1997,3,0.05896141147401566,0.659876740213623
1998,5,-0.30471149143933035,0.5815903912961755
1999,7,-0.04773062010429217,0.5354626977691964
2000,7,0.1316005503142717,0.162205433421736
2001,6,0.3092637626553008,0.17624061782893183
2002,6,0.6839790328273894,0.25472651211905306
2003,8,0.6981730989350659,0.7159289936323342
2004,8,0.8720461457249518,0.4894236607748508
2005,8,0.8157553601936729,0.5783970887852834
2006,11,0.3363471155174105,0.7387799084362382
2007,11,0.28057267996418794,0.8647186846521411
2008,12,0.08595865262480855,0.996298705227969
2009,13,-0.016932752549247573,0.8309695742200677
2010,15,-0.02750969314277982,0.3623069712942321
2011,16,-0.04708233761178164,0.04407285444399019
2012,15,-0.3342280995817334,-0.0989425491810203
2013,14,-0.1850473224564745,-0.1281302142877017
2014,13,0.7898038847518436,-0.09446442189531427
2015,13,0.23153147943632255,-0.22765355101360132
2016,14,-0.46911563514717036,-0.06963006843295393
2017,13,-0.43327555481874935,0.33413042482016964
2018,14,-0.8587897332630936,0.23557658607633986
2019,14,-0.586768204217529,0.2302090507042764
2020,14,-0.3715276037103339,0.10691569254710331
2021,15,-0.785603619730372,0.35282241527265606
2022,14,-0.7144835591615759,0.3758626045458884
2023,13,-0.7256283916349279,0.1010340980739336
2024,14,-0.2835884252634406,0.2447198996876316
2025,13,-0.3113252646007064,0.1923366041996627
2026,12,-0.3826124457974201,0.2716271780021293
2027,13,-0.5004974107921465,0.6244286681189888
2028,14,-0.4038213496179862,0.7379978804460966
2029,15,-0.37811333412468334,0.9257593135135695
2030,15,-0.40452344559790615,0.914527627773813
2031,16,-0.11254665514904391,0.9936464413536448
2032,16,-0.2751209309391046,0.9614096282850513
2033,15,-0.287183592767738,0.9578755577030943
2034,14,0.012753689064021443,0.9999186684002146
2035,12,-0.22418722834399912,0.9745460926233482
2036,11,-0.1617201604735444,0.9868366580627267
2037,11,0.14942556063320803,0.9887729779021327
2038,10,0.2829846725445093,0.959124431502439
2039,10,0.10603720242006415,0.9943621632498525
2040,8,0.3109833360773644,0.9504153642919463
2041,7,0.4102460623678577,0.9119748726317342
2042,6,0.43930853391212804,0.8983362466426347
2043,6,0.4315526623162013,0.8584811637148173
2044,5,0.4542813469753293,0.8908582703159243
2045,6,0.38255678941078525,0.7477229180101727
2046,5,0.04699763715484469,0.27680723416847614
2047,6,0.13926820203756127,0.2713192139311582
2048,8,0.13246439206934538,0.23261770699828596
2049,8,0.11300285901489207,0.1947667644843665
2050,3,6.123233995736766e-17,1.0
2051,2,-0.08579626429156141,0.9846879565882164
2052,3,-0.18742608443162248,0.9822787093664559
2053,4,-0.3277224710829735,0.5772680444816869
2054,6,-0.856970332543218,0.5153657430803549
2055,6,-0.5748346458975491,0.705370606812843
2056,7,-0.3518038962463524,0.8493105440379675
2057,8,0.027177321828681475,0.9996306283714101
2058,10,-0.13616360685414414,0.8392824800791272
2059,12,-0.3136757968927117,0.9495301440416319
2060,13,-0.34766061244781804,0.9376204448242412
2061,13,-0.28054994710587167,0.9598394278101378
2062,16,-0.3899556443982619,0.9208336415454945
2063,16,-0.689201662770825,0.3497926480298792
2064,15,-0.7139878950060408,0.5633684698118118
2065,15,-0.8899777397127606,0.4560039723684057
2066,15,-0.9065612200044997,0.06869885618101952
2067,15,-0.5293432310912461,0.5061198168124728
2068,14,-0.8086213274001229,0.5883294560649357
2069,11,-0.6414096500018788,0.767198579824329
2070,11,-0.5482640755961236,0.8363052692711723
2071,11,-0.3579704562439357,0.933732912805642
2072,11,-0.4246755728332653,0.9053456013251171
2073,11,-0.39576201432266694,0.9183531063916892
2074,10,-0.3049900331944749,0.9523555426688255
2075,9,-0.3059324210697951,0.9520532305172719
2076,9,0.23136109536971092,0.9543111736558471
2077,9,-0.01720623679368976,0.8323602066803586
2078,10,0.38450197461865915,0.8244092814705721
2079,10,0.4128526161310328,0.9107978465904287
2080,10,0.051528173462655334,0.9829369967947255
2081,8,0.48860679805010604,0.872504095634641
2082,7,-0.022841418827398905,0.9997391007587686
2083,6,0.5231681508816404,0.8522294796022285
2084,6,0.15842710566018747,0.9139787110405565
2085,6,0.6288279671354591,0.6661506275879071
2086,6,0.8744004621764285,0.48520493788259017
2087,6,0.9203606105584041,0.39107076921263456
2088,6,0.9396943932317326,0.3420152735315278
2089,6,0.9449560576220949,0.32719726337991906
2090,6,0.9221169005073815,0.3138245944177279
2091,6,0.9475696515961145,0.3195493003810496
2092,6,0.8141708159222398,0.2739814182638083
2093,6,0.41108803969083896,0.13822069144921564
2094,7,0.29822247246238737,0.10023992668520536
2095,6,0.24100829164395696,0.0810028042773244
2096,6,0.19944082389662074,0.06703096842236207
2097,4,6.123233995736766e-17,1.0
2098,5,-0.420970321651164,0.8638745242352324
2099,5,-0.29655441190048876,0.677238602566943
2100,7,-0.27675020689420704,0.8876081149156122
2101,8,-0.44314633553274,0.7205565698052139
2102,8,-0.3223548846969118,0.9466188928560642
2103,9,-0.35600183796834495,0.9344852547596245
2104,10,-0.36919877860272365,0.9293504515941535
2105,12,-0.5894636814462172,0.8077948800629233
2106,12,-0.5698123986011322,0.669276646739087
2107,15,-0.7641825271810033,0.6450000505048469
2108,16,-0.6393007133833178,0.7689568244495791
2109,15,-0.8463048445314316,0.5326988925487168
2110,16,-0.7442161351885769,0.6679388775366933
2111,15,-0.7511008078854456,0.6097618634579137
2112,15,-0.527149147773615,0.6815134774742593
2113,15,-0.2964762155926862,0.6333351849838605
2114,15,-0.41333244279497666,0.7585883745929213
2115,14,-0.5412010192180783,0.7831327870359982
2116,13,-0.11738110105597402,0.8831315029085722
2117,13,-0.4803169834409731,0.6232469741764507
2118,13,-0.26260386645473816,0.8142913418959267
2119,13,-0.43394987954637726,0.6662010647774123
2120,11,-0.4708546290644151,0.8822108128381856
2121,9,0.03399794791759661,0.902668746318094
2122,8,0.3911503077646462,0.9203268097451158
2123,8,0.5356508925974842,0.844439530848431
2124,8,0.6047546902555333,0.796411805923251
2125,9,0.5413040988807764,0.8408268980800214
2126,10,0.39513324673971684,0.9186238170877837
2127,9,0.1560907433068204,0.3221507568984924
2128,9,0.5757464004742471,0.642014672507073
2129,9,0.04746489550503564,0.7290866706666943
2130,9,0.4864534712871383,0.7518200659742196
2131,9,0.704379621687943,0.7098234629474784
2132,8,0.7511261870370468,0.6601586560420059
2133,8,0.24566145467040548,0.8233092959517085
2134,8,0.7197328082111665,0.6942511683709782
2135,7,0.8058257713122305,0.5921527052112898
2136,7,0.8407368560322093,0.541443938842311
2137,8,0.8226506171813948,0.5149020165143054
2138,8,0.64591925050849,0.4011872547690716
2139,7,0.31654230068883604,0.19604863136001516
2140,7,0.22702481144372808,0.14044977235618075
2141,7,0.18297578557335556,0.11316865619003913
2142,2,6.123233995736766e-17,1.0
2143,2,-0.05860072747486927,0.9982815007498717
2144,3,0.0699572756896941,0.9975499885108897
2145,3,0.003819757006264214,0.9999927047015958
2146,3,-0.11623984780182525,0.9932211726413249
2147,3,-7.7084564799843e-05,0.5198213242477401
2148,4,-0.16397568602398227,0.10622159847561836
2149,5,-0.9866111997916035,0.1630899765337304
2150,5,-0.9670904583306328,0.00144560083961185
2151,6,-0.7110119993884759,0.29214152435551427
2152,6,-0.4877933950486312,0.38954384771191153
2153,7,-0.7142728855072997,0.699867305300852
2154,9,-0.35575681665271297,0.9345785613874994
2155,11,-0.4146162220952995,0.8795894928022608
2156,11,-0.5420440031884032,0.8403501047822213
2157,11,-0.7694453556675204,0.5537567027289205
2158,11,-0.3607429189807284,0.4694646064999582
2159,12,-0.35515012920626504,0.4254077746467729
2160,11,-0.34089080479181694,0.2720680818793982
2161,11,-0.32789722332902005,0.07603067101113209
2162,9,-0.5390083966631276,0.21304839611140497
2163,9,-0.05580152500390602,0.2830790207592826
2164,8,-0.33745370329455315,0.583387493304175
2165,8,-0.007898280380197836,0.8036717699388726
2166,9,-0.13711231522194556,0.036154101968706935
2167,9,-0.10192061853755502,0.48485094210073476
2168,9,-0.08375679419852179,0.13462925000470036
2169,9,-0.3065222602936498,0.13098174962445444
2170,8,-0.44809627382412637,0.11774098790764002
2171,8,-0.26093307337331656,0.2474272015044227
2172,7,-0.0474947546856471,0.6978873349298707
2173,8,0.2012664470628925,0.8119464568764071
2174,8,0.3915519048981839,0.9201560225149883
2175,8,0.4567019017836046,0.8896197912070295
2176,8,0.4971574418769036,0.867660347132686
2177,8,0.5170668868162218,0.85594499505411
2178,9,0.5272792231026506,0.8496920741564353
2179,9,0.3020241272300584,0.9533002814281141
2180,7,0.10101475963655032,0.9948849271828225
2181,6,0.40767565402460443,0.9131268045105296
2182,7,0.5250587532229483,0.8510659819684742
2183,7,0.5742611158763874,0.8186721998409415
2184,8,0.6015227875885463,0.7988556415346296
2185,8,0.6118224455486888,0.7909951296454497
2186,7,0.617143580557485,0.786850558223534
2187,7,0.6187802327682244,0.7855641434888064
2188,6,0.619544663096405,0.7849614069677324
2189,6,0.619699729686237,0.7848389930595987
2190,4,0.49104824505121675,0.621839237334547
2191,4,0.21347207079025865,0.21755801053135052
2192,4,0.17343126988999802,0.21972021659141772
2193,3,0.14367437598655017,0.1892863958617815
2194,2,6.123233995736766e-17,1.0
2195,2,-0.04540610252431218,0.8200732634811523
2196,4,0.4383340394698612,0.796568447907878
2197,4,0.3100289795186706,0.8984533961493081
2198,4,0.2970782949294783,0.9548531230937006
2199,5,0.4855029318717894,0.8524791537842034
2200,6,0.42281317913731076,0.6707312696515796
2201,8,0.18652851977301269,0.5117531924386665
2202,9,0.6452675579043186,0.4249043006634112
2203,10,0.7676630710134542,0.6408536567752363
2204,11,0.7929121926368476,0.5725457033152903
2205,13,0.3125866348142244,0.7785810080845772
2206,13,0.32258634738961833,0.9465400406099176
2207,15,0.37886160341825437,0.9254533405068833
2208,17,0.529107084707939,0.8485550618032196
2209,16,0.8124660835966571,0.5830084587766372
2210,15,0.8350300622823589,0.4003842564825538
2211,16,0.6020802913685893,0.7984355470202429
2212,15,0.7259825794289438,0.6877130901514796
2213,15,0.6188014271875175,0.7855474484146018
2214,13,0.5082823785877958,0.8611904688378365
2215,13,0.10564778176731472,0.9944036133319538
2216,14,0.11577692629935883,0.9932752404729883
2217,13,0.6197707941931431,0.7847828761289334
2218,12,0.3970133501336342,0.9178128348501499
2219,11,0.8466708046403402,0.5321170440510987
2220,9,-0.11472482512304617,0.9933973094892529
2221,9,0.03029718416777697,0.9995409349453898
2222,8,-0.05323794719126204,0.9985818549216986
2223,7,0.27790408244633646,0.8360289923706302
2224,7,0.608453402627751,0.7480599465357596
2225,6,0.29650603964081235,0.9550309777470681
2226,5,-0.4045030858008173,0.9145366332616844
2227,5,0.11524136733257156,0.9933375193031416
2228,5,-0.5219888520237321,0.7254607767478889
2229,6,-0.8298555033045264,0.5530379354387938
2230,5,-0.9201516367237459,0.39156221144871933
2231,5,-0.9475548616500408,0.3195931541246965
2232,6,-0.9578586837350351,0.287239868391186
2233,8,-0.9632172015649031,0.2687240640684732
2234,8,-0.8961020893963723,0.443847998057281
2235,7,-0.957254878426916,0.2892457393426394
2236,7,-0.9706004663970325,0.24069635358655317
2237,7,-0.9304492727340222,0.21370916262583398
2238,7,-0.9766422682804881,0.21487177527060908
2239,8,-0.8120707064069931,0.17683274207176033
2240,8,-0.4057634176489685,0.08803376870401075
2241,8,-0.2931996361059488,0.06352321094247472
2242,8,-0.23672942136024458,0.051271747480498425
2243,4,6.123233995736766e-17,1.0
2244,5,-0.049069670404079876,0.9987953581422148
2245,6,0.13364103772454106,0.7038325355175369
2246,6,0.5954464959327371,0.688570943272555
2247,8,0.7781062668414926,0.5785996192747364
2248,7,0.5895823919194282,0.8077082413461966
2249,7,0.3607012733268909,0.5380625974831643
2250,8,0.2877856110390308,0.46079937217814826
2251,9,0.6708757173020251,0.1556889079765426
2252,8,0.7219280556193423,0.036717135352980865
2253,9,0.9404905109509956,0.3398199505784429
2254,9,0.7402067337690724,0.4199158682781942
2255,9,0.12715483145530837,-0.10466577199441292
2256,10,0.1762361390102718,-0.2058606789673978
2257,9,0.7092093214480163,0.38761732851156405
2258,10,0.45345386316506314,0.4484113567529728
2259,10,0.7457972044988515,0.3149600535969588
2260,10,0.5471888269500532,0.4385240806418238
2261,10,0.5281724463003078,0.8491371308387995
2262,10,0.780397392032604,0.6252838639439772
2263,10,0.6951466500221797,0.11441065581233961
2264,8,0.4453399301719226,0.05258743370762042
2265,8,0.6382513397748686,0.7698280504603513
2266,6,0.4925813435082005,0.280266469479377
2267,7,-0.34334964996480966,0.10727664377575065
2268,9,-0.7603885993185688,0.1563212056117231
2269,10,-0.5571932649224688,0.2942592569386834
2270,11,-0.32601389282310417,0.3426023955677237
2271,12,-0.2516552867024473,0.2297038970074089
2272,13,-0.3722332761268987,0.35883292278156365
2273,13,-0.9281799994453395,0.3721315474797181
2274,12,-0.8762969898023506,0.4817713001656896
2275,14,-0.3562184031812979,0.6970043083872545
2276,14,-0.04074035318698022,0.3197282250251208
2277,14,-0.5197158253375297,0.43553539705081196
2278,16,-0.7198107226240003,0.34862557299027175
2279,16,-0.8277085252029868,0.5611582640452661
2280,17,-0.9575034638035868,0.28842176894980265
2281,17,-0.9700535152770845,0.2428912874077026
2282,16,-0.9975966601259565,0.0692885539287467
2283,17,-0.9990517925415938,0.04353752197160762
2284,17,-0.9408427199838152,-0.033472396805914274
2285,15,-0.7723807016849942,0.1676887838219184
2286,14,-0.8001037977290155,0.0641923654580883
2287,14,-0.9991013225816023,0.042385695885439084
2288,15,-0.8017932464849287,0.4722047510441645
2289,14,-0.6088558646539515,0.6760851791028534
2290,13,-0.19865486992175435,0.9800695090943147
2291,11,-0.18419103640965592,0.8364461047704134
2292,12,-0.8262965410580022,0.5632353204794432
2293,12,-0.5788655302699832,0.8154230177430921
2294,10,-0.5576578349908006,0.8300709241223746
2295,10,-0.6986597160939971,0.7154541222939842
2296,8,0.07272750224584622,0.9348738396055523
2297,9,0.07563830922640012,0.9971353198926269
2298,7,0.07391309037946484,0.9972646865654861
2299,8,0.5008393902640951,0.8655402389027846
2300,9,0.25630495311173795,0.9665959709260068
2301,7,0.5786210177763282,0.8155965410590496
2302,8,0.4142223892852954,0.9101757040345458
2303,7,0.02628396196461601,0.7182490441863048
2304,8,-0.1347846368943477,0.8966838398673693
2305,8,0.583457751818364,0.8121434921509009
2306,8,-0.06176968090131761,0.29774857036436086
2307,8,0.19504362393447217,0.36258797990371905
2308,8,0.2652010262915388,0.8332549518666303
2309,7,0.15212078182416766,0.4781170270146351
2310,7,0.26327709254482784,0.2516152819900327
2311,7,0.7590276684648035,-0.04831071518759168
2312,7,0.38262005779831665,-0.09527777808654805
2313,7,0.2266011422273599,0.030614340866573407
2314,6,0.03292998621258166,-0.1029002096138143
2315,6,-0.1177288907816208,-0.08746678376050068
2316,6,-0.06913405893268572,0.035354444946544085
2317,6,-0.17521565361838637,0.15223336560808465
2318,5,0.11440862177457993,0.2996771963065885
2319,5,0.11482949173441752,0.21275108880226767
2320,5,0.0471058393042345,0.1331235614406312
2321,4,0.60561732264293,0.010711627605792808
2322,4,0.27022380860122447,-0.06878036630918831
2323,4,0.18481449000799527,-0.11083479224708241
2324,3,0.14131197810474302,-0.2004571579027618
2325,4,0.14304797840933856,-0.23394619587829774
2326,2,0.1232792572543095,-0.20582588303531174
2327,4,0.1033214671090199,-0.17317562114401497
2328,3,6.123233995736766e-17,1.0
2329,3,6.123233995736766e-17,1.0
2330,3,-0.2038846264088598,0.9789949229256093
2331,5,0.20191478257074635,0.9768453705067272
2332,6,-0.049971158373766734,0.8184075498304763
2333,7,0.14711642054723045,0.5708147873132039
2334,7,0.168067211202928,0.8892840006176701
2335,8,-0.11996861740730656,0.4628109766430859
2336,8,-0.5911716670502609,-0.14260912449027893
2337,11,-0.792445337900525,0.43926181858661434
2338,11,-0.141209605959929,0.035744613227160674
2339,11,0.17607915812566902,0.05244603844504278
2340,11,-0.4233672587514154,0.3169727425003521
2341,12,-0.666743794998997,0.09229988664198814
2342,12,-0.5347205631776671,-0.3753176639225091
2343,11,-0.9982650297892257,-0.05888064452701182
2344,12,-0.5557132722548016,0.09651411292919047
2345,11,-0.8556460293718008,0.5069038135834559
2346,11,-0.8921942279258508,0.4516519231175651
2347,11,-0.7704628890869717,0.21400444002675378
2348,11,-0.29019588847097244,0.4097907661892997
2349,11,-0.31881998855685467,0.22963751215049386
2350,11,-0.45471840600144836,0.8254620921052747
2351,10,-0.8017052001052697,0.5977196434150123
2352,9,-0.8186749971822151,0.5742571279389573
2353,8,-0.5667983166051673,0.8238565823573594
2354,8,-0.43198193615480934,0.9018822577454012
2355,8,-0.13909170447424776,0.9902795048603442
2356,9,-0.17089393512051135,0.9852894310500984
2357,9,-0.05333963375738878,0.9985764284573453
2358,10,-0.08224551584386815,0.996612098623921
2359,10,-0.04409298908844711,0.999027431211599
2360,10,0.19198553346394745,0.9813977557242342
2361,10,0.3450380832452472,0.938588685799294
2362,10,0.5064512658539573,0.8622685865291188
2363,10,0.5823939247562198,0.8129067083048624
2364,11,0.626459986692505,0.7794535810894876
2365,10,0.6461798181546173,0.7631851954864335
2366,9,0.6555255675447711,0.7551729803794001
2367,9,0.20226500772345785,0.9793308259473045
2368,9,0.5070854908435775,0.8618957622450224
2369,9,0.6515552252004124,0.7586012051888923
2370,8,0.6991633058966297,0.7149620071638044
2371,8,0.7171197281262759,0.6969499950011451
2372,6,0.7265760922016516,0.6870860078920084
2373,5,0.7295757057706979,0.6839000581584915
2374,5,0.7310254369117397,0.6823502110998428
2375,5,0.686591012026376,0.6402836904726672
2376,5,0.5331191104612907,0.497034748079855
2377,4,0.2602340917138697,0.24257238741465756
2378,4,0.18635206435054902,0.17369121125425438
2379,6,0.15013943142658034,0.13993630987259847
2380,5,6.123233995736766e-17,1.0
2381,5,0.13893843162150313,0.9903010210125792
2382,6,0.10694565727413025,0.9942648673216832
2383,6,0.0037425088340715387,0.613481549361512
2384,6,-0.04767273604544201,0.611773413919657
2385,8,0.13529247585056153,0.9358444070244881
2386,8,0.4876282023665251,0.828530362938172
2387,7,0.22463140254699118,-0.24263367222160606
2388,9,0.06971496583028146,0.24590468410609376
2389,8,-0.2665731122005884,-0.18596242808794236
2390,10,-0.16944031146420285,-0.02674647075208811
2391,10,-0.3674871086246259,-0.07133628726424604
2392,8,-0.8371667481619606,0.0012814936393965928
2393,8,-0.11066415040378304,0.3702683526947988
2394,9,0.3369414946220211,0.4372296916483139
2395,9,0.1110886006620534,-0.11343317868081516
2396,9,0.2699011518396278,-0.27707319765768906
2397,9,-0.26005232329110234,-0.5893588033988005
2398,7,-0.28829322762350845,-0.09957439705120016
2399,5,-0.4618744414545703,-0.21474661382805846
2400,5,0.08130524034701463,-0.22872909128998828
2401,7,-0.1380634230410921,0.560828707485499
2402,9,-0.3018327653667676,0.3061196600361868
2403,9,-0.7188993222266346,0.6951142096821827
2404,11,-0.7861928880370077,0.6179811832087034
2405,12,-0.901168337984437,0.4334692914317779
2406,11,-0.20324307517869547,0.2418536164715546
2407,11,-0.3379332718297074,0.5640906283183204
2408,11,-0.359294261272175,0.07723008063959876
2409,11,-0.392106269340881,0.35038318194081725
2410,11,-0.6039826486142311,0.7969974656000722
2411,10,-0.8267493661925416,0.562570427146887
2412,10,-0.11208727769875916,-0.036591811194041084
2413,10,0.47249188519903895,-0.08134678396606458
2414,10,-0.422875466192432,0.4679042736623211
2415,10,-0.7055939510194691,0.47990932140007647
2416,10,-0.784569293955047,0.6200411462015073
2417,8,-0.36219796143428895,0.3925871841754252
2418,9,-0.11650370864533025,0.3929257582411843
2419,10,0.09267635115851085,0.07863283925534685
2420,10,0.03057599562557173,0.368331358888368
2421,10,-0.057596173599514564,0.2990151468496407
2422,8,0.5281561893781814,0.7684449255745808
2423,10,0.7656207713827694,0.6432921843355888
2424,11,0.591216124977999,0.021675274740063918
2425,10,0.5368250984488606,0.0814675989191339
2426,12,0.6364296435955663,-0.24776673390041304
2427,11,0.4003936610729076,0.009356615859305955
2428,9,0.17022245605264885,0.214029611932942
2429,9,-0.02181941879006813,0.2827731938428675
2430,11,0.10142598864866756,0.15222138328193063
2431,12,0.27012059378251163,0.044166855982338736
2432,12,0.08686470619521511,0.1282847990011743
2433,12,0.05460830160742392,-0.009948734802556435
2434,11,0.237888108785191,0.25142239074038
2435,12,-0.625112889185515,0.7805343527187885
2436,12,-0.3330012874743628,0.9429263717493624
2437,12,-0.21497324141856164,0.9766199391134694
2438,12,-0.032697733617511944,0.9994652861486877
2439,12,-0.007424913222798036,0.999972434951901
2440,11,-0.1584031230662092,0.987374523979058
2441,11,-0.314465818950738,0.9492687968703288
2442,10,0.18468716421287526,0.9827973602808497
2443,10,0.3905420809584893,0.9205850764598635
2444,9,0.4922019700395784,0.8704810283338505
2445,11,0.6547571514013703,0.7558393167127277
2446,10,0.6750457967931696,0.737775827898878
2447,8,0.6819384944751611,0.7314095226020445
2448,9,0.5453065162396277,0.8382367227380346
2449,8,0.47523196255864847,0.8798605467701432
2450,8,0.4346795737273945,0.839651831132926
2451,8,0.2849113192316043,0.9585538796404232
2452,9,0.162946224141897,0.3893251319674544
2453,3,6.123233995736766e-17,1.0
2454,2,-0.20746264192205968,0.9782429413017603
2455,3,0.15592654519570498,0.596469572196571
2456,2,-0.05463521419156972,0.20008473428566304
2457,3,-0.006981572927539352,0.5752448017895444
2458,3,-0.17926868424791312,0.6820017094347023
2459,3,-0.39780595856475953,0.10360328221525518
2460,3,0.19157914542959298,-0.011189099730941622
2461,3,0.38108975201354167,0.006325812258729525
2462,3,0.27567736244566265,0.024073907227887645
2463,3,0.016704736405837035,0.1331723735735683
2464,5,0.2961383902449617,-0.10880697506540749
2465,7,0.31351423584645094,0.05892387919771276
2466,5,0.7507919453071479,0.1328046700183664
2467,5,0.23643291719181236,0.013637781898333904
2468,6,0.8926720370138975,-0.0163780823983628
2469,6,0.11817293979235996,-0.1736636856033195
2470,6,0.6477168142189574,0.1276390491708579
2471,7,0.8889964103580915,0.2209290677504217
2472,7,0.7869463316720859,-0.37533639161605387
2473,6,0.96811453216423,0.08435072367835472
2474,5,0.9029285795099471,0.4297906237973896
2475,5,0.566695012349953,0.41128062166359375
2476,5,0.7356403766089197,0.6773723025801149
2477,6,0.576261592061762,0.4231917650088316
2478,6,0.38617056700567626,0.15600005442118592
2479,6,0.24758540809799448,-0.17471388538454313
2480,5,0.2954982849476351,-0.4849571920546284
2481,6,-0.03328696516639476,-0.5514757769056877
2482,6,-0.013390762854976776,0.2681226531238116
2483,5,0.10695073096081015,0.02378184046346377
2484,4,0.00810144515691835,-0.2148220605467866
2485,4,0.451006511548111,-0.1821345807569208
2486,5,0.3073624586275633,0.051324772563582734
2487,5,0.3426495094481023,0.3109206425452071
2488,5,0.6941931652277988,0.5977486079468854
2489,5,0.17186034062431987,0.8948695533331553
2490,6,0.04559102721496988,0.5298043202038605
2491,7,-0.23503409589540553,0.5722910368641798
2492,7,-0.060437194447831036,0.396644059156626
2493,7,0.16797264958847632,0.39226168771264874
2494,8,0.3626124983132721,0.56476462889865
2495,9,0.45590314819301764,0.6901618389767014
2496,8,0.24492805768580037,0.18464415243081364
2497,9,-0.07674676284958801,0.6962636439558593
2498,9,-0.10572436115512847,0.6909372325983967
2499,11,-0.13385558481645723,0.6555049370744008
2500,12,-0.08279153720273767,0.452147696093845
2501,12,-0.0670302822613148,0.3498937569036764
2502,11,-0.5997045652643992,0.40692929739752354
2503,12,-0.4722991538378681,0.398539425754542
2504,11,0.14872129725794989,0.36092013523608946
2505,11,0.42888083019031686,0.03203875493268134
2506,13,-0.8616316660499372,0.4898302864360705
2507,13,-0.8191921770195948,0.44075832865209863
2508,14,-0.7943779009225421,0.4396452289773462
2509,14,-0.6120174739664378,0.32362523348203653
2510,12,-0.6991174013839615,0.38893267912416724
2511,13,0.41641463187659905,0.07038764426229802
2512,14,0.35563458235852907,0.1241193063905546
2513,14,0.7257561102614597,0.3602990598265776
2514,14,0.5696334846982295,0.1553165100375271
2515,14,0.14918363408379304,0.24592993491908735
2516,13,0.2663324879757186,0.7372213700329883
2517,14,0.2708492548638149,0.9626217747068244
2518,14,0.3649649872216758,0.9310212447104964
2519,14,-0.139444864889456,0.32541226077928126
2520,15,-0.1596169976905881,0.6759470249535801
2521,13,-0.03617532937421818,0.9993454585600852
2522,12,0.2388262689982204,0.9710623117166013
2523,9,0.3081963380209997,0.9513227723703694
2524,8,0.2667850714720575,0.9637560508965166
2525,7,0.05644160038118131,0.9984059022994661
2526,6,0.19536550932055757,0.8017714796531262
2527,6,0.05482812659073583,0.8385516678140402
2528,7,0.19978635518038027,0.9798394829173496
2529,7,-0.13959415158593438,0.9902088026487157
2530,8,-0.053145907095850854,0.9985867576525133
2531,8,-0.3100078185899088,0.8102371728765082
2532,7,-0.3539275038146398,0.9352728596744044
2533,7,-0.5073363994735701,0.8617480941488609
2534,7,-0.4919230746318628,0.8706386670971689
2535,7,-0.8499796451867967,0.5268155301128918
2536,7,-0.984906062050366,0.17308971354890107
2537,6,-0.7365636662079046,0.6763682174839165
2538,6,-0.9596513517156592,0.0013329583811734073
2539,6,-0.9614449863784466,-0.27499734211033533
2540,6,-0.9126171351901682,-0.40881531839852864
2541,4,-0.893181560249279,-0.44969623128358943
2542,3,-0.7820456504980448,-0.30742308473235147
2543,2,-0.7187941934931337,-0.17835779150031295
2544,4,-0.46138749076388486,-0.11026640711035683
2545,5,-0.044914423780918755,0.07261564762897671
2546,6,-0.4319506392014367,0.11294957902829711
2547,6,-0.1836818914867524,-0.09459751580181011
2548,5,-0.18729707873516702,0.08960525737940817
2549,5,-0.15914396688711835,0.160400318111118
2550,4,-0.1841935335087635,0.23129714978107932
2551,4,-0.12988024532442735,0.12062242729135698
2552,4,-0.162761239393029,0.16370210558490414
2553,4,0.09250990091939702,0.1863004609687084
2554,3,-0.10168890470216733,0.06903880580423721
2555,4,0.7557532252043475,-0.654856520615949
2556,4,0.20651021806833653,0.029936473795914395
2557,3,0.03193184097144975,0.006381804294631386
2558,4,0.15979882624121197,-0.3665213727035728
2559,4,0.14554103667771562,-0.16469052731772277
2560,3,0.17848051603146142,-0.25709268381339356
2561,4,0.11120447136496217,-0.15084906816431007
2562,4,0.1638030087778262,-0.4495988614647854
2563,4,0.12309516476522843,-0.20824683208801856
2564,4,-0.03332071474455559,0.09201700402764394
2565,5,-0.5100079811753198,-0.09490390396786016
2566,5,-0.11773914234008985,0.016790488720488366
2567,5,-0.22028247993143057,-0.07394596829272349
2568,5,-0.24623849082442084,-0.0644654092240415
2569,4,-0.21536416256157073,-0.05414675877380757
2570,3,6.123233995736766e-17,1.0
2571,3,-0.2211867045137718,0.9752314811091454
2572,2,-0.3522840851311715,0.9358931153520115
2573,4,-0.7994935002433307,0.5702765077256343
2574,4,-0.9027295950651801,0.4302084125089327
2575,4,-0.811549234540007,0.5842840404439682
2576,4,-0.8913394035492108,0.45333659424376627
2577,6,-0.9613346308981847,0.2753828742602761
2578,5,-0.7511281697722949,-0.03105126570434773
2579,6,-0.7367938001584632,0.4176234673298744
2580,5,-0.5256850407279631,0.3650846799239357
2581,5,-0.4035913531050635,0.34857214601696407
2582,7,-0.5577669652375917,0.6691563037025257
2583,7,-0.6508112786387247,0.5003734147134533
2584,8,-0.653981451841029,0.75651058198012
2585,10,-0.5705099502420854,0.8212906895093681
2586,11,-0.7060140085409539,0.7081978676499485
2587,11,-0.5654385232438388,0.8247904439503568
2588,10,-0.7049418518721094,0.7092651023976303
2589,9,-0.31359664387488234,0.9495562884581462
2590,8,-0.6825084516920911,0.7308777006920273
2591,8,-0.6672312810697275,0.5832057289675451
2592,8,-0.4461293895134529,0.476541432155064
2593,7,-0.012639996430464975,0.6472470977114391
2594,7,-0.13916211344920792,0.5516684495751201
2595,7,0.3716496911769104,0.48639173518207884
2596,8,0.2383840698656485,0.9711709608685227
2597,7,0.3095647326394917,0.9508783709317612
2598,7,-0.23569890245516883,0.6404043494383757
2599,6,-0.30597225914602855,0.30757925382147583
2600,5,0.20320330302913098,0.9791365674092921
2601,6,0.37418398360527005,0.9273544879997567
2602,6,0.35472886451741126,0.9349692148291238
2603,6,0.4837469475946329,0.8752079128372158
2604,6,0.18659328298194086,0.912711517508793
2605,5,0.3274362873935986,0.9448732601242861
2606,4,0.1819733483714676,0.9833034630684855
2607,3,0.4260724000586939,0.9046890680826337
2608,2,0.4042102406948362,0.9146661037326258
2609,1,0.35777789661287834,0.9338067127062563
2610,4,0.2957455718016982,0.9552667463906019
2611,3,0.012692228448326237,0.18362313793762372
2612,3,0.053919490381085414,0.057572780145977255
2613,3,0.6311788744077829,0.20217671658575131
2614,4,0.866607345736116,0.2584797419669371
2615,5,0.5743806378876992,-0.027875611168874197
2616,5,0.9082603596809109,0.1962801416749856
2617,5,0.9627436681521072,0.2704156604803523
2618,5,0.9539589936722166,0.29993705738353155
2619,5,0.9509030233416202,0.30948899851168554
2620,5,0.9494040862752728,0.31405713009548797
2621,4,0.864281993434896,0.28692974915624914
2622,4,0.6651516865871462,0.22105157590080876
2623,4,0.2658456378228689,0.0925945110572416
2624,6,0.07369150939380492,0.021809338598333863
2625,6,-0.027213253483487816,-0.02552758509875389
2626,6,-0.0764212759832831,-0.060899012867703405
2627,5,-0.10133491647058135,0.08246174208242768
2628,5,-0.1863990483867021,0.02975488128742193
2629,5,-0.0224871888961183,0.10763869146321955
2630,5,-0.06508534623743252,0.148715268106856
2631,5,-0.03354022827509555,0.015842069657350247
2632,5,-0.008302527570732878,0.1148019956943876
2633,5,-0.08962395095337453,0.2638132086276361
2634,4,0.04628225771041303,0.24407053933308556
2635,4,-0.0037912239668663646,0.11617565901445026
2636,4,0.23018343149010156,0.28711823532161507
2637,4,0.1635950873955781,0.17083233931503608
2638,3,0.1460573663525891,0.14653558474893616
2639,2,0.32827351171649005,0.09450372684923103
2640,2,0.20587795649914492,0.08417850136719511
2641,3,0.09912571495937929,-0.11595221781711164
2642,4,0.10004407324236374,-0.13588872235074473
2643,4,-0.015052193065831375,-0.16533790460274478
2644,4,6.123233995736766e-17,1.0
2645,5,0.07417702965805135,0.436180420478837
2646,5,0.1309405720088249,0.37500865439872816
2647,4,0.29285503492317533,0.1397747664047988
2648,5,0.5023137481622704,0.31004465979958357
2649,4,0.43572245599846243,0.3982475010828061
2650,4,0.3552166881167932,0.010201611558213752
2651,4,0.5111691314723726,-0.05757416921993533
2652,5,0.10200873799759756,-0.26566132757136196
2653,5,-0.17928874348048834,0.05871102296069208
2654,5,-0.3754586461758474,-0.19174443515207468
2655,6,-0.03511152888652717,0.04674401820240703
2656,6,-0.15271010002951957,0.41919589088398107
2657,8,-0.3934466355916838,0.40213745879299273
2658,9,-0.8358001017901997,0.5490338694903001
2659,10,-0.7098566869708485,0.39918852119354964
2660,10,-0.9192531282014906,0.39366697383927673
2661,9,-0.31029208154624865,0.3473516820925368
2662,9,-0.49085581512716603,0.5155958614132827
2663,9,-0.47604530954664454,0.09201603817342582
2664,9,-0.9135578221648898,-0.0698547521600197
2665,8,-0.9640214310318385,0.2658245295515942
2666,8,-0.776071449410216,0.6075448318216433
2667,6,-0.6981389029129385,0.7159623399589665
2668,8,-0.7230279312105266,0.6324402275720298
2669,8,-0.3981470461184223,0.164009815693241
2670,6,-0.6813357251216204,0.24181917395772815
2671,6,-0.4007389953881213,0.0759350810329537
2672,5,-0.7817118716799325,0.028282610863745714
2673,4,-0.44719890991540723,-0.0465011707503013
2674,3,-0.37485102383651847,0.2922391424869061
2675,3,-0.7456968179316522,-0.25227386287871045
2676,3,-0.6609426562138838,-0.09073276315536531
2677,4,-0.5974506881923263,0.264083900123908
2678,3,-0.8513675955055596,0.3787963568073721
2679,3,-0.772279103934018,0.6352833900133626
2680,3,-0.3991673397399023,0.796860613364699
2681,3,-0.5118917938361159,0.6443040368562881
2682,3,-0.39003529867811,0.6413891711266351
2683,2,-0.2256674204420506,0.9742044012172347
2684,2,0.3233879961215171,0.9462664550561378
2685,4,0.6959365510858829,0.46669772396772924
2686,4,0.09971277228305374,0.17394527095134651
2687,4,0.5520945045365785,0.28794282299653917
2688,5,0.137623199520811,0.5413614780246843
2689,5,0.7842845479884191,0.6204012796461668
2690,4,0.2962843579924282,0.9283744091356835
2691,7,0.26649903656939206,0.9638351848254897
2692,7,0.2701726687898052,0.9628118866315446
2693,6,0.11427308072881284,0.993449376174119
2694,6,0.23961258120005122,0.970868585819239
2695,7,0.07685930769168568,0.9970419483758719
2696,6,-0.06882394335055826,0.9976288211663089
2697,7,-0.30134027259723106,0.5439667672028968
2698,7,-0.27230896027464696,0.40647123727670986
2699,7,-0.4592327153469156,0.3360210860654673
2700,5,0.18060493978409115,0.7255534691777635
2701,4,0.5035487474506476,0.5254955306872671
2702,5,0.5195338926617951,-0.26377770991803756
2703,5,0.6600856392472099,0.003809255109939643
2704,6,0.6484226593370498,-0.2048992397808103
2705,7,0.6798080803271134,0.31836315776947677
2706,7,0.8918614909016185,0.4523086126161453
2707,8,0.1946659844675299,-0.3613275106244437
2708,8,0.47091269100774696,0.012212562288424303
2709,10,0.8135076021338211,0.5815542805882187
2710,11,0.8702495760180098,0.49261107929123377
2711,12,0.8889786094830071,0.457948721891064
2712,11,-0.6328139644684108,0.7743038721159625
2713,10,-0.46533323549685685,0.8851355715041774
2714,9,-0.4456197784516543,0.8952223260468309
2715,9,-0.39238062898389614,0.9198029365022717
2716,6,-0.05156357745328852,0.814076606980531
2717,6,0.5496582538985287,0.43775709121759876
2718,3,0.9584589085081949,0.2852306447443537
2719,3,0.4624803269737558,0.2686236238164063
2720,5,0.922974204909672,-0.13833792191093672
2721,4,0.6014452818917839,0.3079078510677835
2722,6,0.36748798411112255,0.20584744747174905
2723,5,0.3499173649152083,-0.04466156426809438
2724,6,0.3252776790043572,0.30633918129874194
2725,5,0.18634958260817108,0.07130953641083515
2726,5,0.14628083999502375,0.16518444990622014
2727,5,-0.005679362447005195,0.03918432687492145
2728,5,-0.011393195087002926,0.20713677319768475
2729,4,0.07532280158382293,0.27663111262925383
2730,4,0.06203280504265607,0.3370978950020343
2731,4,0.1863338924241591,0.26791059137348433
2732,4,0.13685926004742546,0.2684472878705924
2733,4,0.4134871522041357,0.0038416649237552982
2734,4,0.42655394538854313,-0.149733540131581
2735,3,0.18730639905184615,-0.1691912706380494
2736,4,0.002825085595364291,-0.05034206246212165
2737,4,0.07827330232988569,-0.006153993791061889
2738,4,0.1292799816405172,0.064323915120393
2739,4,0.1482751978899629,-0.015074796130361003
2740,4,0.18914817909188855,-0.017614114765904056
2741,4,0.1022917314642957,-0.12719481095445553
2742,4,-0.027031634711828227,-0.19056411684389946
2743,2,6.123233995736766e-17,1.0
2744,2,-0.04071721699116421,0.9991707102595104
2745,2,0.11821035429033291,0.5524196832054614
2746,2,-0.02676660592350654,0.5419724496951488
2747,2,-0.06109409292130461,0.5399193918609397
2748,2,-0.2774459643885599,0.8254130360095088
2749,4,-0.5234926607794355,0.8520301838022329
2750,5,-0.5106391691330726,0.8025422216058051
2751,8,-0.46500003756184494,0.8853106602021026
2752,10,-0.4086523213240267,0.9126901337674712
2753,13,-0.22593361175554463,0.9741427015992549
2754,14,-0.48098731997662586,0.8767275506231699
2755,17,-0.11891646227382224,0.9929042627566258
2756,16,-0.11945835473338551,0.9928392123019681
2757,17,-0.362344667768036,0.6102235380861886
2758,18,-0.5998906443306358,0.800082005074839
2759,17,-0.733373361037217,0.32773285783658057
2760,17,-0.2801934606315888,0.2701254521765894
2761,16,-0.5532289511470153,0.009199700094080455
2762,16,0.013628389148547073,0.32063540928370476
2763,15,-0.3412246642550034,0.4055926844056398
2764,15,-0.15990879509955588,0.6051071795756181
2765,15,-0.46897210943481094,0.4281235289064889
2766,13,-0.03912855963225887,0.7418149847732627
2767,13,-0.12185626214904413,0.7417719251994607
2768,13,-0.31160302028890635,0.8334202595213969
2769,13,0.07794125821902043,0.9653590011294133
2770,11,0.2791318198974289,0.9602527933418102
2771,11,0.5231828126314042,0.8522204788475181
2772,11,0.42065318718250777,0.7518780614778434
2773,11,0.21878257940371756,0.8684370629424072
2774,10,-0.18746651655818483,0.9822709937535261
2775,9,0.2528115396761072,0.9675155427209405
2776,9,0.47418653976412944,0.8804244007900518
2777,9,0.5479696822779431,0.8364981932462318
2778,9,0.5757681916895792,0.817612982674879
2779,7,0.5903058556829386,0.8071796558055918
2780,7,0.5948791347600508,0.8038151622276936
2781,6,0.5970418778012426,0.8022100698392947
2782,6,0.5703566572378229,0.76543673328912
2783,6,0.4449474232421499,0.5969380184818155
2784,6,0.21755703904534518,0.29181356419835913
2785,6,0.1558933317789312,0.20908616000966979
2786,6,0.1256191294340273,0.16847881455181568
2787,4,6.123233995736766e-17,1.0
2788,5,-0.13982642691632902,0.990176029974374
2789,5,-0.06244517959403395,0.918895650823693
2790,5,0.01502848184437369,0.9734516375579946
2791,5,0.3411165813104701,0.9400209986777196
2792,8,-0.21909846543141873,0.9757027531198205
2793,9,-0.33631037838234884,0.7719713971537692
2794,9,-0.6778763488475248,0.7351759351836462
2795,11,-0.17890310476074964,0.8950093363636664
2796,13,0.08534433548932932,0.7901631784796641
2797,14,-0.17474692549538953,0.4624215938811501
2798,16,-0.8161965171942774,0.5777743896365878
2799,17,-0.2059249385486165,0.6813843454306586
2800,18,-0.5328310532596645,0.8462216427639963
2801,18,0.184713854580395,0.7182690158852783
2802,18,0.07052340818446547,0.9975101247095426
2803,18,0.17568563708880944,0.9844463199792557
2804,3,6.123233995736766e-17,1.0
2805,4,-0.04921628902936946,0.9987881441497879
2806,5,-0.17176250585394942,0.9740720588465084
2807,6,-0.33215264937102873,0.9432256450689869
2808,5,-0.319273897344345,0.9476624813057403
2809,6,-0.151644431980141,0.988435109781831
2810,7,-0.4899320236079859,0.8717606393061021
2811,8,-0.2852864021981278,0.958442313715775
2812,9,-0.2569386410745968,0.5711831749028271
2813,8,-0.2144520057015925,0.4732089718031245
2814,8,-0.46209695547674,0.48569049690054
2815,11,-0.04360405970149563,0.37955949419486845
2816,12,0.3626097484436435,-0.2907586024302881
2817,13,0.6016360861867678,-0.08383654273859381
2818,13,0.6519952128394332,-0.3797450165564812
2819,13,0.848490006074187,-0.2508889930203947
2820,13,0.5260734034054322,0.30133726946499817
2821,15,0.6266576551482549,0.46606196080417284
2822,15,0.4602076146271847,0.42544870697985365
2823,16,0.6003660152859954,0.22680342305875936
2824,14,0.6079261215390108,-0.15124527432207716
2825,15,0.7876337111011424,-0.09190514786816947
2826,14,0.9088268549745718,-0.15483739817950629
2827,13,0.32451683150830135,0.4492034305999793
2828,15,0.28253011938989653,0.699064205852817
2829,15,-0.03961467642410045,0.38284159707094056
2830,15,0.07457238651184418,-0.10438649979438813
2831,15,0.5271159472219711,0.4458999106629094
2832,15,0.18524572678212134,0.1268435875644251
2833,14,0.10469041675505034,0.50554924544088
2834,14,0.0355413078151127,0.16352265769378668
2835,15,0.05203322283687881,0.43384991103415393
2836,15,-0.18732852744730802,0.1115258176416996
2837,16,-0.05262164442336182,0.03139064768697648
2838,15,-0.3669466319730656,0.16236596164849365
2839,15,0.11948894144577528,0.4564333356229848
2840,15,0.11620960838845378,0.3614699431912868
2841,15,-0.20148981594793589,0.5748100244963109
2842,16,-0.3447167038031947,0.9387067668441836
2843,15,-0.3982289510785458,0.6852321516773324
2844,15,-0.4725392018965,0.4450010453078409
2845,16,-0.19757294958836707,0.6404378040047044
2846,17,-0.7530442611995656,0.23775349341743154
2847,16,0.2817605208197312,0.22616620488773997
2848,16,0.03936283232405967,0.3270193294645946
2849,15,-0.04095128213322644,0.3201580361303269
2850,14,0.09098992050573607,0.4027980836125154
2851,14,-0.1987610145323169,0.19488626611223264
2852,15,-0.13960281526562848,0.18775236442362156
2853,15,0.3610637873807628,-0.33722406455111265
2854,13,-0.2695089781330625,0.2688508932557373
2855,14,-0.5900116245936635,0.6248310087752205
2856,17,-0.4230224424319031,0.8908686852686357
2857,18,-0.7848232418275769,0.4720963443288615
2858,18,-0.45194467990100196,0.8920459664777264
2859,16,-0.4842507139254125,0.8232352316694176
2860,17,-0.9204920613473272,0.39076126342889766
2861,16,-0.7148050409541932,0.6993237829692868
2862,15,-0.09531240570536716,0.9954474096197425
2863,13,0.18096864385632824,0.9834888662007321
2864,12,0.1798342998080091,0.9836969170494351
2865,12,-0.21472505645185352,0.9766745364407471
2866,11,0.17063815140245162,0.9853337613651295
2867,9,0.030680736635768913,0.9995292353900843
2868,10,0.2655090055505425,0.8395418882389852
2869,8,0.13626412968040355,0.32467736391661006
2870,8,0.09829537435494907,0.3461554254439111
2871,5,6.123233995736766e-17,1.0
2872,4,7.910446777815543e-06,0.9999999999687124
2873,4,-0.0018314958230626005,0.9517838742952223
2874,5,0.6576441563507979,0.7533287221509926
2875,6,0.5436189922930048,0.839332110203308
2876,6,0.4213680275950406,0.4475841428734339
2877,7,0.6378061564442191,0.6307356273194076
2878,7,-0.05532453216123227,0.7702727643361315
2879,8,-0.709711178433515,0.7044927559645389
2880,10,-0.43836666387338297,0.7876202770712671
2881,11,-0.22664926202798075,0.9008918300802076
2882,11,-0.266321911901177,0.6951541820093561
2883,13,-0.6763402796692531,0.736589319836309
2884,15,-0.42288967756255297,0.6733632166293524
2885,16,-0.331658692121088,0.7069600689656184
2886,16,0.19227500682521814,0.5129223023947797
2887,16,0.6081579660289517,0.3681331397946886
2888,17,0.6296628673623862,0.4710229987918141
2889,17,0.6931387406451185,0.0900115967568634
2890,16,0.6182291902857517,0.7859978805815088
2891,16,0.6638052658720505,0.20632652604004662
2892,17,0.7643441023954919,0.4877452199956302
2893,16,0.37462639924293756,0.4549598447778995
2894,15,-0.40424118038432727,0.21495012981252945
2895,15,0.0004622729344239294,0.7218423866958671
2896,16,0.4562385368056251,0.4924616495071624
2897,15,0.4027744565401547,0.5957402170254047
2898,14,0.06157927437449434,0.6671062919901305
2899,15,0.1948089538773819,0.22515077102171313
2900,16,0.1683670420838279,0.4289192456562522
2901,16,0.09419295222465203,0.6298936688019776
2902,17,0.08099077034688705,0.923538740464125
2903,18,0.25370784517804695,0.7974609692205706
2904,17,-0.13476707416413422,0.8788705652292568
2905,17,0.02357509341798825,0.6361764525437446
2906,17,-0.5924177203935725,0.1915339557495691
2907,18,0.5535789606366703,-0.018747533053811532
2908,19,-0.994112114618888,0.1083563729919141
2909,18,-0.9759351513130977,0.21806095577035564
2910,17,0.2202420078221953,0.736372653839301
2911,17,-0.8869890400131383,0.35822699693414706
2912,4,6.123233995736766e-17,1.0
2913,5,-0.24275402375774502,0.9700878743440844
2914,5,0.19228286629414768,0.8890326045477096
2915,5,0.3666536996904313,0.5399408744883797
2916,5,0.2381711487911558,0.7590389607696467
2917,6,0.3317375154679659,0.9433717299300107
2918,6,-0.09430309760750877,0.9955435328410449
2919,8,-0.22014997928133584,0.97546603560679
2920,8,-0.18051038907030553,0.9835730778329015
2921,10,0.26308913868390027,0.918552966981728
2922,13,0.12197158713997872,0.9572248307133118
2923,14,-0.10641551864322342,0.9865669713652627
2924,15,-0.27134871171749947,0.9624811045673849
2925,19,-0.7212474535491779,0.6926774940394892
2926,15,-0.9157793261718151,0.4016817468547658
2927,4,6.123233995736766e-17,1.0
2928,5,-0.3400919294193145,0.9084693329886395
2929,6,-0.27348518197673044,0.5111838495496827
2930,8,-0.39036078990027046,0.7059272949398484
2931,9,-0.38748381685422295,0.9218765056535951
2932,9,-0.6285516030868967,0.7777678845625424
2933,9,-0.3922471436033466,0.91985986885776
2934,11,-0.06769336689604347,0.6653166880885419
2935,12,-0.30923637407038734,0.7996921965840466
2936,13,-0.06989607341423477,0.6095085607787462
2937,12,-0.09101936189060132,0.3992611203259988
2938,14,-0.5805443108413642,0.8142286553233836
2939,14,-0.8107432104671757,0.5854019530898209
2940,15,-0.6824914845853637,0.730893544552465
2941,15,-0.42855588527413696,0.4504644889940646
2942,15,-0.558039201103504,0.3361995694739906
2943,16,-0.9439803923342057,0.2671679185075764
2944,14,-0.9889319650506396,0.14836970209945344
2945,13,-0.9471623889333732,0.32075443721018954
2946,12,-0.47642444924994065,0.08840992425111503
2947,11,-0.23415933407545303,0.820122248843762
2948,12,-0.32473897101536076,0.7936614069765515
2949,12,0.032220735103302485,0.9114330005364276
2950,12,0.24916616295956798,0.9621125396563456
2951,13,0.3761862541028144,0.9265440638329581
2952,13,0.1625663694200504,0.6523920753518768
2953,13,-0.07927589332527188,0.9968527136630968
2954,12,0.037749068977705365,0.9247451775302968
2955,11,-0.10101234132638498,0.9948851727208331
2956,11,-0.11838000898198789,0.992968364789848
2957,11,-0.08974869385535206,0.9959644431159469
2958,11,0.068970958456934,0.9976186680738948
2959,9,0.4449963696441503,0.8955323729511551
2960,10,0.6060350610480436,0.7954379327015365
2961,10,0.6930606532657341,0.7208792762279089
2962,10,0.728147031249576,0.6854209661824103
2963,10,0.4998553867139373,0.8169732997709275
2964,9,0.3804991371095734,0.9204095963044332
2965,10,0.6687521072120696,0.7392614076539958
2966,9,0.795266044110664,0.6062606032759967
2967,10,0.8297200395427474,0.5581797703080806
2968,10,0.8453096968030624,0.5342766291825936
2969,9,0.7811602862205743,0.48686180802510826
2970,8,0.6037831074274472,0.37479799077842896
2971,8,0.29424560598790983,0.18236262797781455
2972,8,0.21057185083918112,0.13042292117565693
2973,1,6.123233995736766e-17,1.0
2974,2,-0.18126593463874313,0.9834341162170158
2975,2,0.11833558788383611,0.992973659590317
2976,2,0.4256307503228659,0.7120812754365232
2977,4,0.5036911828564121,0.7989562889655644
2978,3,0.6359577384147369,0.6547700277472853
2979,3,0.1331814033159929,0.1702012418804973
2980,4,0.014224421110991984,0.1866274505498389
2981,4,0.19839733850512478,0.45443975274106335
2982,4,0.001454703223407626,0.26214591198911785
2983,6,-0.18099602716737534,-0.06840598996138873
2984,7,-0.2927715287257329,-0.13760877673939884
2985,8,-0.8078632128743413,-0.3613476114852476
2986,9,-0.9936706201102561,0.11233298148673478
2987,10,-0.9628920769084024,0.26988673221746806
2988,10,-0.9999998228848953,0.0005951723935437915
2989,10,-0.9177601410931578,0.32792338717042135
2990,10,-0.8278396901790958,0.5609647469887736
2991,10,-0.46766804167972703,0.13796568436965195
2992,10,-0.998826678213085,-0.048427955664206095
2993,8,-0.8439100738041536,0.536484657126248
2994,8,-0.9055622501129943,0.42421340286498593
2995,8,-0.7786948568877985,0.6274028369847326
2996,8,-0.7565039169956861,0.6539891616610968
2997,9,-0.3926878940562129,0.9196717989922799
2998,8,-0.282639233225052,0.9592262839611697
2999,8,0.18149662077165812,0.9833915683228471
3000,8,-0.44510095883239037,0.8954803942278617
3001,8,-0.30720817571462417,0.9516423365813926
3002,8,-0.20721690880963145,0.9782950233459132
3003,8,-0.07439328486503322,0.9972289803084294
3004,7,-0.20871276124039895,0.9779769850540493
3005,6,0.17589018359402417,0.9844097944023416
3006,6,0.3783700366987136,0.9256544254356558
3007,6,0.500167555125695,0.8659286441731702
3008,8,0.5579816484562168,0.8298532882299635
3009,8,0.5869613292996404,0.8096149689246112
3010,8,0.6047839529079154,0.7963895845031352
3011,7,0.613160961214604,0.7899579961253528
3012,7,0.6180628556011853,0.7861286831849531
3013,6,0.6201371600548009,0.7844934051470198
3014,7,0.6212636933977421,0.7836015717606725
3015,6,0.6216709166807528,0.7832785400822063
3016,6,0.6218300071306393,0.7831522471600967
3017,5,0.6219322160087553,0.7830710815056569
3018,5,0.6219645505445238,0.783045399619938
3019,5,0.6220112995482519,0.7830082651123773
3020,5,0.5968573508839762,0.7513241156778148
3021,4,0.4661850975161378,0.5868297228902631
3022,5,0.22803900271349561,0.2870274232344161
3023,5,0.16343179606713104,0.20570050181639113
3024,5,0.13169890485709443,0.1657590632283064
3025,4,6.123233995736766e-17,1.0
3026,5,0.2908522636111874,0.95676797644583
3027,5,0.44635790444161433,0.6787588694156114
3028,5,0.4225988850867668,0.47340412015863953
3029,5,0.33692412492310014,0.14392180903478008
3030,5,0.12196973266540476,-0.08426900653453048
3031,6,-0.09085055601286227,0.09063358361214524
3032,6,-0.20469617408177987,-0.07917407526178538
3033,6,0.3312375810433288,-0.05143611983509988
3034,7,0.2195870183860573,0.07650191945101452
3035,7,0.10392451055885302,0.2669097205326569
3036,8,0.3560400490782663,0.24660522660840367
3037,8,0.3957030067365802,-0.26077507490435803
3038,8,0.21523817417305005,-0.02807864971828241
3039,8,-0.32061231314405714,0.08513608186839325
3040,9,0.01992585270266522,0.10322167660999916
3041,9,0.011479603372847771,0.19376016584936967
3042,9,0.03807150917322791,-0.3690766448367581
3043,9,0.01167282778583043,-0.7696725930945748
3044,8,0.19083414952127142,-0.2510389349417867
3045,6,0.3102495087609562,0.09371601650452294
3046,7,0.23346686584622248,0.274105545012994
3047,7,-0.0246052741609985,-0.14456435137744528
3048,6,0.15223278580756067,-0.44966447649731045
3049,5,0.59835199313381,0.14301199486852492
3050,5,0.4376142139080153,0.3900695081152117
3051,6,0.5545894657461644,0.7306989605809244
3052,7,0.39728274779002576,0.5602776279905094
3053,9,0.4315326255515346,0.6931770492820011
3054,9,0.3498776304266194,0.7669964294610073
3055,9,0.4604617251387763,0.88493844190192
3056,10,0.42270017862547093,0.6698413871785618
3057,10,0.4834112171343049,0.6555518334462603
3058,10,0.38622280561365957,0.5058762146098313
3059,10,0.2611652875573707,0.7812097118065823
3060,10,0.47664978661141605,0.806926513723687
3061,12,0.0685596078994417,0.8959599971329557
3062,13,0.015286940427193444,0.8410081072561206
3063,13,-0.16273680459437515,0.9258427568502059
3064,14,-0.5590819001875983,0.8291124344035762
3065,14,-0.6461739408028196,0.7631901717313674
3066,15,-0.6190860714687716,0.7853231412058115
3067,15,-0.6949734175696659,0.7190354294967243
3068,15,-0.5151014960322098,0.28651607955163944
3069,14,-0.7584359509416009,0.561770613692234
3070,14,-0.5787311919044419,-0.019896163599912888
3071,14,-0.9392630218169716,0.34319815828068057
3072,15,-0.8708711889269811,0.49151131451565416
3073,16,-0.6865811172304179,0.7270532095126403
3074,16,-0.836765721920596,0.5475610711315259
3075,15,-0.47273582244692114,0.8812042000441402
3076,14,-0.27126290832555017,0.9625052906694924
3077,13,-0.12120921145465086,0.992626982838237
3078,12,0.2820521466701347,0.8809825871957156
3079,12,0.3788569121952747,0.24577911660517773
3080,11,0.6569182668186245,0.747524563661407
3081,10,0.20100119819876308,0.6791688764318623
3082,12,0.09089158712393561,0.6767628369045139
3083,11,-0.11404342207564887,0.9113353644255732
3084,11,-0.17907166117176737,0.9838360331707635
3085,10,-0.23489302590060665,0.9720212273316139
3086,10,-0.1376585744549834,0.9904797407716232
3087,9,-0.264108218452713,0.9577104301546414
3088,8,-0.23428288173967696,0.749580257992699
3089,7,-0.07291552605794922,0.2989698435060643
3090,7,0.001621927934891499,0.15069150955614083
3091,6,-0.07852391588850444,0.16265122171103502
3092,5,0.05484065423849649,0.03557970815455836
3093,5,-0.03662835616861318,-0.0492859737800407
3094,5,-0.11153672680379703,-0.10144523663397763
3095,5,-0.07850427689589343,-0.07695739246103894
3096,6,-0.050903937446439104,-0.2753539349032256
3097,6,-0.22795575377037253,-0.24842306510809134
3098,6,-0.1700758974693381,-0.14299050471012317
3099,6,-0.08903533654883536,-0.11027629863911004
3100,6,-0.3264206238484586,-0.09539868968547673
3101,7,-0.18794006687746617,-0.26255592618474577
3102,7,-0.5146137092559417,0.2212447137525271
3103,7,-0.20516293204199387,-0.06289396582310687
3104,7,-0.18524438939959198,-0.0946975067708437
3105,7,-0.06176863205124277,0.3100846220849163
3106,7,-0.06460834032262548,0.6507190450412808
3107,6,-0.07889372191220878,0.2969846334477589
3108,5,0.07798457869846168,0.20925666371899893
3109,4,0.14608827922386936,0.13625571283247445
3110,4,0.24891700676761236,0.14948533122505955
3111,4,0.22822765407343085,0.1303950776254544
3112,4,0.19346495480601253,0.10953524170702833
3113,4,6.123233995736766e-17,1.0
3114,3,-0.22476960360334364,0.37203787780473174
3115,5,-0.2598597132789258,0.384273927888216
3116,5,0.17825612292697265,0.4361132080395347
3117,6,-0.12961223375131115,0.9915647577753031
3118,7,-0.056886395826731835,0.9983806578504235
3119,7,0.04812447237047107,0.9988413463403804
3120,7,-0.10431905010237007,0.7021422902806763
3121,10,-0.3571844889658458,0.9340338542270337
3122,11,-0.5155154921083269,0.6832635379683827
3123,12,-0.24852066973084674,0.6016790577074068
3124,14,-0.5896699425990268,0.6472957235801894
3125,14,-0.4528044707183055,0.7948893049997119
3126,15,-0.30134373923223773,0.551689081357079
3127,15,-0.4612263787912533,0.7066379469407009
3128,17,-0.4156588743759121,0.7855831817600405
3129,17,-0.9028989804336751,0.42985280170289675
3130,16,-0.5162728283975101,0.030413997555290683
3131,14,-0.05569546714491615,0.12208236046033254
3132,14,-0.43658244569766747,0.15748823672800122
3133,14,-0.056354968418573806,0.46030778075310513
3134,15,-0.0405063857619259,0.6385066892497342
3135,14,-0.42036912435075646,0.5333161488613077
3136,14,-0.4516223323869836,0.5560291010816841
3137,13,-0.6909014376552921,0.6798343120981692
3138,12,-0.4607953143107371,0.6804040274517422
3139,11,-0.3698475518559095,0.7969746503887783
3140,12,-0.21704561857504245,0.7404481179762393
3141,11,-0.26737658459452196,0.9635921139209103
3142,11,-0.33866846976453924,0.9409057697704618
3143,11,-0.3776867420844842,0.9259334343534681
3144,10,-0.5295777666643426,0.8482613919393049
3145,9,-0.5455858630658385,0.6610027107427559
3146,8,-0.19902781570502406,0.40437135511735744
3147,8,-0.3324384291741424,0.9431249603357069
3148,7,-0.1722443396287502,0.5242550879098781
3149,6,-0.11364142874796514,0.5876085388822261
3150,6,0.4649404031744139,0.88534197996933
3151,6,0.28232590404843283,0.9593185518393956
3152,6,0.15999107511160338,0.9871184609177529
3153,5,-0.5984770874531136,0.8011399227311283
3154,5,-0.8968038881736548,0.21555642327415192
3155,5,0.07824564046845059,0.2914716643490279
3156,6,0.5821129391025119,0.3177138096320468
3157,6,0.9974263042018243,0.0716991470401827
3158,6,0.7313359359886313,-0.09517940435136725
3159,6,0.6715087151242083,-0.35194578607883553
3160,7,0.33871291427269046,-0.3344789775882632
3161,8,0.9023600733196846,-0.4309829440691283
3162,8,0.7917684844326197,0.22236626303799484
3163,8,0.8790638055738218,0.4767041280816331
3164,8,0.4460281537786171,0.1981822841874588
3165,8,-0.31307706295314475,-0.10987690889675768
3166,8,-0.22145334169383435,-0.02002491051597071
3167,9,0.48201167447443777,-0.12423534099762341
3168,9,0.869614350613465,0.44469124029370427
3169,10,0.8389493231534242,0.5442095489610702
3170,10,0.5117356235776848,-0.1309172113334012
3171,10,0.30508940306667415,0.7076618480375589
3172,8,0.3277324312735851,0.5595648177158926
3173,8,0.3930462260221094,0.1469852423680066
3174,8,0.11687196530285991,0.3539129743568574
3175,7,0.19218020821968876,0.21304013470399896
3176,8,0.15642624089639273,0.08212555171250117
3177,8,0.15638200085969614,0.06355554572541186
3178,8,0.12624022723195774,0.18094941055674846
3179,8,0.021545626109929224,0.33203937246518195
3180,6,-0.15784447267006219,0.3716180911196284
3181,6,-0.11373204623553769,0.2451697408373388
3182,6,0.000528823550095169,0.08964714406791843
3183,5,0.006437391240678525,0.1518321265138652
3184,5,-0.01891468783733317,0.05924794697434491
3185,5,-0.027382909674887504,-0.02374569417204894
3186,5,-0.0054091303546384036,0.13331437651788125
3187,4,0.2089510566957208,0.07903518346870236
3188,5,0.2926620565141469,0.049000650379197694
3189,4,0.22757368675607034,0.180858754080823
3190,4,0.061074427980809524,0.24251895065892987
3191,4,0.044589132508004815,0.259722823025134
3192,4,0.0015042425101938486,0.3283093323408778
3193,4,-0.03706002563967155,0.14200209672678837
3194,3,0.16194561414043945,0.18868934900284334
3195,3,0.2692057174946728,0.1328619484886584
3196,3,0.21145545577527658,0.04919802782399784
3197,4,0.10716168257008243,0.01099641181995607
3198,5,0.249895278343273,-0.008815684674689333
3199,5,0.19869564344377438,-0.09096859156301357
3200,4,0.08762044502628308,-0.18674794344812748
3201,6,0.008045040254901747,-0.24069101269000343
3202,6,-0.024728564289143606,-0.2895434646565587
3203,5,-0.025771879775890252,-0.2557575166546666
3204,6,-0.022310650058644847,-0.21534538465936667
