,robot_x,robot_y,local_ppl_cnt
0,0.012327309470503894,-4.02976075771126,1
1,0.1891040047671408,-3.8529840624146234,2
2,0.3658807000637777,-3.6762073671179865,3
3,0.4763891627026856,-3.7219814711000225,3
4,0.5720600207939581,-3.491011587972201,3
5,0.6677308788852305,-3.2600417048443795,5
6,0.8445075741818674,-3.0832650095477425,5
7,0.8445075741818674,-2.8332650095477425,6
8,1.0212842694785043,-2.6564883142511055,6
9,1.1473678209084577,-2.530404762821152,6
10,1.1015937169264214,-2.64091322546006,6
11,0.9910852542875135,-2.5951391214780237,7
12,0.9453111503054773,-2.7056475841169316,7
13,1.0713947017354308,-2.579564032686978,7
14,1.117168805717467,-2.46905557004807,8
15,1.2432523571474203,-2.3429720186181164,6
16,1.3278318727235134,-2.2583925030420233,6
17,1.3736059767055495,-2.1478840404031154,5
18,1.4193800806875856,-2.0373755777642075,4
19,1.4467639999460569,-1.9712649484994762,4
20,1.4741479192045281,-1.9051543192347449,4
21,1.6002314706344816,-1.7790707678047915,4
22,1.6276153898929528,-1.7129601385400601,4
23,1.6276153898929528,-1.8912692069644659,4
24,1.6276153898929528,-2.0695782753888716,4
25,1.5770165048472662,-2.018979390343185,4
26,1.4002398095506292,-1.8422026950465482,3
27,1.3496409245049426,-1.7916038100008616,4
28,1.299042039459256,-1.741004924955175,4
29,1.2484431544135692,-1.6904060399094882,4
30,1.221059235155098,-1.624295410644757,4
31,1.1253883770638256,-1.3933255275169352,4
32,1.0297175189725531,-1.1623556443891134,4
33,1.0297175189725531,-1.1623556443891134,5
34,0.9340466608812807,-0.9313857612612917,6
35,0.8383758027900083,-0.70041587813347,8
36,0.7427049446987359,-0.46944599500564826,8
37,0.7427049446987359,-0.3498324969789909,9
38,0.7427049446987359,-0.5998324969789909,9
39,0.7427049446987359,-0.8498324969789909,8
40,0.6470340866074633,-1.0808023801068125,8
41,0.5513632285161909,-0.8498324969789908,7
42,0.539035919045687,-0.8795932546902515,8
43,0.5092751613344263,-0.8672659452197476,7
44,0.3445390625559632,-0.7990300188932744,7
45,0.34453906255596317,-1.0490300188932744,6
46,0.11356917942814149,-0.9533591608020019,5
47,-0.1174007036996802,-0.8576883027107294,7
48,-0.29417739899631706,-0.6809116074140925,6
49,-0.3898482570875895,-0.4499417242862708,8
50,-0.3898482570875895,-0.19994172428627083,7
51,-0.45808418341406276,-0.03520562550780776,7
52,-0.45808418341406276,0.21479437449219224,7
53,-0.45808418341406276,0.46479437449219224,9
54,-0.45808418341406276,0.7147943744921923,7
55,-0.3624133253227903,0.945764257620014,7
56,-0.26674246723151784,1.1767341407478358,8
57,-0.17107160914024538,1.4077040238756575,8
58,-0.07540075104897292,1.6386739070034793,8
59,0.020270107042299534,1.869643790131301,7
60,0.02027010704229955,2.1196437901313008,7
61,0.020270107042299562,2.3696437901313008,6
62,0.020270107042299576,2.6196437901313008,6
63,0.02027010704229959,2.8696437901313008,5
64,0.020270107042299604,3.1196437901313008,5
65,0.020270107042299618,3.3696437901313008,5
66,0.02027010704229963,3.6196437901313008,5
67,-0.0754007510489728,3.8506136732591223,4
68,0.09567085809127246,-3.7690301168721785,0
69,0.16390678441774573,-3.6042940180937153,0
70,0.25957764250901816,-3.373324134965894,1
71,0.25957764250901816,-3.123324134965894,1
72,0.09484154373055509,-3.0550882086394204,1
73,-0.06989455504790798,-2.986852282312947,1
74,-0.1959781064778614,-2.8607687308829934,3
75,-0.3220616579078148,-2.73468517945304,4
76,-0.3220616579078148,-2.556376111028634,4
77,-0.2762875539257787,-2.445867648389726,4
78,-0.2762875539257787,-2.195867648389726,4
79,-0.23051344994374254,-2.0853591857508182,6
80,-0.39524954872220563,-2.017123259424345,5
81,-0.5720262440188425,-1.840346564127708,7
82,-0.8029961271466641,-1.7446757060364355,9
83,-0.979772822443301,-1.5678990107397985,9
84,-1.144508921221764,-1.4996630844133252,9
85,-1.255017383860672,-1.4538889804312891,9
86,-1.4317940791573087,-1.2771122851346521,9
87,-1.5578776305872621,-1.1510287337046987,9
88,-1.734654325883899,-0.9742520384080618,9
89,-1.9114310211805359,-0.797475343111425,7
90,-2.088207716477173,-0.6206986478147881,7
91,-2.26498441177381,-0.44392195251815125,6
92,-2.3606552698650822,-0.21295206939032957,6
93,-2.4563261279563546,0.018017813737492117,6
94,-2.6331028232529916,0.194794509034129,6
95,-2.8098795185496286,0.3715712043307659,5
96,-2.9866562138462656,0.5483478996274028,4
97,-3.217626096974087,0.6440187577186753,4
98,-3.394402792270724,0.8207954530153122,4
99,-3.217626096974087,0.9975721483119491,2
100,-3.04084940167745,1.1743488436085858,2
101,-2.864072706380813,1.3511255389052228,2
102,-2.687296011084176,1.5279022342018598,3
103,-2.510519315787539,1.7046789294984968,4
104,-2.333742620490902,1.8814556247951337,4
105,-2.156965925194265,2.0582323200917707,4
106,-1.9801892298976282,2.2350090153884077,5
107,-1.8034125346009913,2.4117857106850447,4
108,-1.6266358393043543,2.5885624059816816,4
109,-1.4498591440077173,2.7653391012783186,4
110,-1.2188892608798956,2.861009959369591,4
111,-0.9879193777520738,2.9566808174608634,5
112,-0.811142682455437,3.1334575127575004,5
113,-0.6343659871588001,3.3102342080541374,4
114,-0.45758929186216324,3.4870109033507743,4
115,-0.2808125965655264,3.6637875986474113,4
116,-0.18514173847425391,3.894757481775233,4
117,-0.23096988312782168,-3.9043291419087276,1
118,-0.23096988312782168,-3.936541953930188,1
119,-0.13529902503654923,-3.7055720708023663,1
120,-0.13529902503654923,-3.5272630023779605,1
121,-0.18107312901858535,-3.4167545397390526,3
122,-0.18107312901858535,-3.297141041712395,3
123,-0.11283720269211209,-3.132404942933932,3
124,-0.04460127636563882,-2.967668844155469,4
125,-0.04460127636563881,-2.8480553461288114,4
126,0.023634649960834454,-2.683319247350348,4
127,0.0694087539428706,-2.5728107847114403,5
128,0.17991721658177856,-2.5270366807294042,6
129,0.015181117803315491,-2.458800754402931,5
130,-0.06939839777277766,-2.3742212388268378,7
131,-0.13763432409925103,-2.538957337605301,7
132,-0.3144110193958879,-2.362180642308664,7
133,-0.49118771469252476,-2.185403947012027,8
134,-0.5868585727837972,-1.9544340638842053,9
135,-0.6550944991102704,-1.7896979651057423,10
136,-0.7233304254367436,-1.6249618663272791,10
137,-0.7915663517632169,-1.460225767548816,10
138,-0.7915663517632169,-1.210225767548816,10
139,-0.8872372098544893,-0.9792558844209942,10
140,-1.0133207612844428,-0.8531723329910408,10
141,-1.1394043127143962,-0.7270887815610874,10
142,-1.2350751708056686,-0.4961188984332657,11
143,-1.2350751708056686,-0.24611889843326568,12
144,-1.2350751708056686,0.003881101566734324,11
145,-1.2076912515471974,0.06999173083146557,11
146,-1.1570923665015107,0.12059061587715217,11
147,-1.1273316087902499,0.13291792534765606,11
148,-1.2534151602202033,0.25900147677760954,12
149,-1.3216510865466766,0.4237375755560726,10
150,-1.3216510865466766,0.6737375755560726,10
151,-1.3216510865466766,0.9237375755560726,10
152,-1.2259802284554042,1.1547074586838943,9
153,-1.1303093703641318,1.385677341811716,10
154,-1.0346385122728594,1.6166472249395378,10
155,-0.938967654181587,1.8476171080673596,10
156,-0.8432967960903146,2.078586991195181,10
157,-0.7476259379990422,2.3095568743230026,10
158,-0.6519550799077698,2.540526757450824,10
159,-0.5562842218164974,2.7714966405786456,10
160,-0.46061336372522493,3.002466523706467,9
161,-0.3649425056339525,3.2334364068342887,8
162,-0.26927164754268,3.46440628996211,7
163,-0.17360078945140756,3.6953761730899317,6
164,-0.17360078945140753,3.9453761730899317,5
165,-0.23096988312782168,-3.9043291419087276,0
166,-0.23096988312782166,-3.6543291419087276,0
167,-0.23096988312782163,-3.4043291419087276,1
168,-0.2309698831278216,-3.1543291419087276,1
169,-0.23096988312782157,-2.9043291419087276,1
170,-0.23096988312782155,-2.6543291419087276,2
171,-0.23096988312782152,-2.4043291419087276,3
172,-0.2815687681735081,-2.454928026954414,3
173,-0.3273428721555443,-2.565436489593322,4
174,-0.4119223877316375,-2.650016005169415,5
175,-0.38453846847316614,-2.716126634434146,5
176,-0.38453846847316614,-2.5965131364074887,6
177,-0.38453846847316614,-2.418204067983083,8
178,-0.4802093265644386,-2.1872341848552614,8
179,-0.6569860218610755,-2.0104574895586245,10
180,-0.8337627171577123,-1.8336807942619875,10
181,-0.9183422327338054,-1.7491012786858944,10
182,-1.0951189280304423,-1.5723245833892574,10
183,-1.2212024794603957,-1.446241031959304,10
184,-1.3979791747570327,-1.269464336662667,10
185,-1.3979791747570327,-1.0911552682382613,11
186,-1.3979791747570327,-0.9715417702116038,12
187,-1.3522050707749966,-0.8610333075726959,12
188,-1.447875928866269,-0.6300634244448742,12
189,-1.447875928866269,-0.3800634244448742,12
190,-1.447875928866269,-0.13006342444487418,12
191,-1.447875928866269,0.11993657555512582,12
192,-1.447875928866269,0.2395500735817832,11
193,-1.5435467869575414,0.4705199567096049,10
194,-1.5435467869575414,0.7205199567096049,9
195,-1.5435467869575414,0.8988290251340108,8
196,-1.5435467869575414,1.1488290251340108,8
197,-1.447875928866269,1.3797989082618325,8
198,-1.3522050707749966,1.6107687913896542,7
199,-1.2565342126837242,1.841738674517476,8
200,-1.0797575173870873,2.018515369814113,8
201,-0.9029808220904504,2.19529206511075,9
202,-0.7262041267938135,2.372068760407387,8
203,-0.5494274314971767,2.548845455704024,8
204,-0.3726507362005398,2.725622151000661,8
205,-0.27697987810926733,2.9565920341284824,8
206,-0.27697987810926733,3.2065920341284824,7
207,-0.18130902001799487,3.437561917256304,6
208,-0.08563816192672241,3.6685318003841254,5
209,-0.0856381619267224,3.9185318003841254,6
210,0.1767766952966369,-3.823223304703363,0
211,0.22255079927867305,-3.933731767342271,0
212,0.34216429730533043,-3.933731767342271,0
213,0.2739283709788572,-3.7689956685638077,1
214,0.20569244465238395,-3.6042595697853446,1
215,0.20569244465238395,-3.425950501360939,2
216,0.20569244465238395,-3.247641432936533,2
217,0.20569244465238395,-3.0693323645121273,2
218,0.20569244465238395,-2.8910232960877216,3
219,0.20569244465238395,-2.771409798061064,4
220,0.20569244465238395,-2.6517963000344067,4
221,0.20569244465238395,-2.5321828020077493,4
222,0.040956345873920885,-2.463946875681276,5
223,0.08673044985595704,-2.353438413042368,7
224,0.1713099654320502,-2.268858897466275,8
225,0.2219088504777368,-2.2182600124205885,7
226,0.20958154100723292,-2.1884992547093276,7
227,0.04484544222876985,-2.1202633283828543,7
228,-0.11989065654969322,-2.052027402056381,8
229,-0.1426685543711554,-2.029249504234919,8
230,-0.09206966932546878,-1.9786506191892321,7
231,-0.06468575006699746,-1.9125399899245008,7
232,-0.03730183080852614,-1.8464293606597695,7
233,0.047277684767567024,-1.7618498450836764,7
234,0.09787656981325363,-1.7112509600379897,7
235,0.09787656981325359,-1.9612509600379897,7
236,0.22396012124320702,-1.8351674086080363,8
237,0.3500436726731605,-1.7090838571780829,7
238,0.39581777665519663,-1.598575394539175,7
239,0.4803972922312898,-1.5139958789630819,9
240,0.4803972922312898,-1.2639958789630819,11
241,0.4803972922312898,-1.085686810538676,11
242,0.4803972922312898,-0.8356868105386761,11
243,0.4803972922312898,-0.5856868105386761,11
244,0.4803972922312898,-0.3356868105386761,12
245,0.4803972922312898,-0.1573777421142703,12
246,0.4803972922312898,0.0926222578857297,12
247,0.3847264341400174,0.3235921410135514,13
248,0.289055576048745,0.5545620241413731,13
249,0.22081964972227175,0.7192981229198362,13
250,0.1525837233957985,0.8840342216982993,13
251,0.05691286530452608,1.115004104826121,9
252,0.05691286530452609,1.365004104826121,6
253,0.056912865304526106,1.615004104826121,6
254,0.05691286530452612,1.865004104826121,4
255,0.05691286530452613,2.115004104826121,3
256,0.1525837233957986,2.3459739879539425,4
257,0.15258372339579862,2.5959739879539425,5
258,0.15258372339579865,2.8459739879539425,4
259,0.15258372339579868,3.0959739879539425,4
260,0.1525837233957987,3.3459739879539425,5
261,0.05691286530452627,3.576943871081764,4
262,-0.03875799278674616,3.8079137542095856,4
263,-0.11050846263890794,-3.954225896017964,0
264,0.06626823265772895,-3.777449200721327,0
265,0.24304492795436583,-3.60067250542469,1
266,0.22026703013290364,-3.623450403246152,1
267,0.3159378882241761,-3.3924805201183306,1
268,0.3159378882241761,-3.272867022091673,1
269,0.3159378882241761,-3.1532535240650157,1
270,0.3159378882241761,-3.0336400260383583,1
271,0.3159378882241761,-2.8553309576139525,2
272,0.3159378882241761,-2.735717459587295,4
273,0.3159378882241761,-2.6161039615606376,5
274,0.4264463508630841,-2.5703298575786016,5
275,0.5911824496415472,-2.502093931252128,5
276,0.545408345659511,-2.612602393891036,5
277,0.6136442719859843,-2.447866295112573,7
278,0.6594183759680204,-2.337357832473665,7
279,0.563747517876748,-2.1063879493458435,7
280,0.563747517876748,-2.0348303198732762,7
281,0.4376639664467946,-1.9087467684433228,9
282,0.4376639664467946,-1.8765339564218624,9
283,0.42533665697629075,-1.8467731987106015,9
284,0.37473777193060415,-1.8973720837562882,10
285,0.32896366794856796,-2.0078805463951963,9
286,0.3015797486900966,-2.0739911756599274,9
287,0.25580564470806044,-2.1844996382988353,8
288,0.25580564470806044,-2.1844996382988353,8
289,0.1875697183815871,-2.3492357370772985,8
290,0.10299020280549391,-2.4338152526533916,8
291,0.007319344714221479,-2.20284536952557,8
292,-0.1694573505824154,-2.026068674228933,8
293,-0.34623404587905227,-1.8492919789322961,8
294,-0.5230107411756891,-1.6725152836356592,9
295,-0.6877468399541522,-1.6042793573091858,10
296,-0.8645235352507891,-1.4275026620125488,11
297,-0.8645235352507891,-1.1775026620125488,11
298,-0.9601943933420615,-0.9465327788847271,11
299,-0.9601943933420615,-0.6965327788847271,11
300,-0.9601943933420615,-0.4465327788847271,11
301,-0.9601943933420615,-0.1965327788847271,11
302,-0.864523535250789,0.034437104243094596,11
303,-0.864523535250789,0.2844371042430946,11
304,-0.864523535250789,0.5344371042430947,12
305,-0.864523535250789,0.7844371042430947,11
306,-0.864523535250789,1.0344371042430947,10
307,-0.864523535250789,1.2844371042430947,10
308,-0.7688526771595166,1.5154069873709164,6
309,-0.6731818190682441,1.7463768704987381,6
310,-0.5775109609769717,1.9773467536265599,6
311,-0.4818401028856993,2.2083166367543816,5
312,-0.3861692447944268,2.439286519882203,5
313,-0.29049838670315437,2.6702564030100246,5
314,-0.1948275286118819,2.901226286137846,5
315,-0.19482752861188188,3.151226286137846,3
316,-0.19482752861188185,3.401226286137846,3
317,-0.09915667052060939,3.6321961692656677,3
318,-0.09915667052060938,3.8821961692656677,4
319,0.04577410398203615,-3.889491537361092,2
320,0.2767439871098578,-3.7938206792698197,2
321,0.4535206824064947,-3.6170439839731827,4
322,0.6302973777031315,-3.4402672886765457,4
323,0.6302973777031315,-3.1902672886765457,4
324,0.6985333040296048,-3.0255311898980826,5
325,0.766769230356078,-2.8607950911196194,5
326,0.8350051566825513,-2.696058992341156,5
327,0.9032410830090245,-2.531322893562693,5
328,1.029324634438978,-2.40523934213274,7
329,1.029324634438978,-2.4374521541542,7
330,1.1940607332174409,-2.3692162278277267,7
331,1.358796831995904,-2.3009803015012533,8
332,1.5235329307743672,-2.23274437517478,7
333,1.6496164822043207,-2.1066608237448268,8
334,1.775700033634274,-1.9805772723148733,8
335,1.8439359599607474,-1.8158411735364104,8
336,1.775700033634274,-1.6511050747579472,9
337,1.7633727241637702,-1.6213443170466864,9
338,1.7633727241637702,-1.549786687574119,9
339,1.7633727241637702,-1.6213443170466864,9
340,1.735988804905299,-1.6874549463114177,8
341,1.7132109070838368,-1.7102328441328798,8
342,1.6416532776112696,-1.7102328441328798,8
343,1.5755426483465382,-1.6828489248744085,8
344,1.5297685443645022,-1.5723404622355006,8
345,1.5023846251060309,-1.5062298329707693,7
346,1.3256079298093941,-1.3294531376741323,9
347,1.1995243783794407,-1.203369586244179,8
348,1.022747683082804,-1.026592890947542,10
349,0.8966641316528505,-0.9005093395175885,8
350,0.8009932735615781,-0.6695394563897668,10
351,0.8009932735615781,-0.41953945638976675,11
352,0.729435644089011,-0.41953945638976675,11
353,0.9604055272168326,-0.3238685982984943,11
354,1.1251416259952958,-0.255632671972021,10
355,1.3019183212919327,-0.07885597667538413,9
356,1.4280018727218862,0.04722757475456929,9
357,1.5540854241518396,0.1733111261845227,7
358,1.7308621194484766,0.3500878214811596,7
359,1.6351912613572042,0.5810577046089813,3
360,1.5395204032659318,0.8120275877368031,5
361,1.5395204032659318,1.062027587736803,5
362,1.4438495451746594,1.2929974708646248,5
363,1.348178687083387,1.5239673539924465,6
364,1.17140199178675,1.7007440492890835,8
365,1.0757311336954776,1.9317139324169053,7
366,0.9800602756042052,2.1626838155447268,8
367,0.8843894175129328,2.3936536986725483,8
368,0.7887185594216604,2.62462358180037,7
369,0.693047701330388,2.8555934649281913,7
370,0.5973768432391156,3.086563348056013,7
371,0.5017059851478431,3.3175332311838344,8
372,0.40603512705657074,3.548503114311656,7
373,0.31036426896529834,3.7794729974394774,7
374,0.13358757366866147,3.9562496927361144,8
375,0.1767766952966369,-3.823223304703363,1
376,0.24501262162311016,-3.6584872059249,1
377,0.2450126216231102,-3.4084872059249,2
378,0.24501262162311022,-3.1584872059249,2
379,0.24501262162311024,-2.9084872059249,4
380,0.3132485479495835,-2.7437511071464367,3
381,0.35902265193161964,-2.6332426445075288,3
382,0.4436021675077128,-2.5486631289314357,3
383,0.5632156655343702,-2.5486631289314357,3
384,0.6347732950069374,-2.5486631289314357,3
385,0.6645340527181981,-2.5609904384019395,4
386,0.6645340527181981,-2.441376940375282,6
387,0.4335641695903764,-2.3457060822840097,8
388,0.4061802503319051,-2.4118167115487408,8
389,0.49075976590799825,-2.3272371959726477,10
390,0.3139830706113614,-2.1504605006760107,10
391,0.13720637531472452,-1.9736838053793737,10
392,0.16459029457319585,-1.9075731761146424,10
393,0.19197421383166718,-1.841462546849911,10
394,0.19197421383166718,-1.8092497348284506,10
395,0.19197421383166718,-1.8092497348284506,10
396,0.19197421383166718,-1.8092497348284506,10
397,0.1796469043611633,-1.7794889771171898,9
398,0.1796469043611633,-1.7472761650957294,9
399,0.05356335293120987,-1.621192613665776,9
400,-0.07252019849874355,-1.4951090622358225,9
401,-0.18302866113765148,-1.4493349582537864,9
402,-0.3091122125676049,-1.323251406823833,9
403,-0.3091122125676049,-1.1449423383994273,9
404,-0.3091122125676049,-0.8949423383994273,10
405,-0.3091122125676049,-0.6449423383994273,11
406,-0.37734813889407814,-0.4802062396209642,11
407,-0.4455840652205514,-0.31547014084250113,12
408,-0.5412549233118238,-0.08450025771467945,12
409,-0.5412549233118238,0.16549974228532055,12
410,-0.5412549233118238,0.41549974228532055,12
411,-0.5412549233118238,0.6654997422853206,11
412,-0.5412549233118238,0.9154997422853206,9
413,-0.5412549233118238,1.1654997422853206,9
414,-0.44558406522055133,1.3964696254131423,9
415,-0.34991320712927887,1.627439508540964,9
416,-0.34991320712927887,1.877439508540964,8
417,-0.34991320712927887,2.127439508540964,9
418,-0.2542423490380064,2.3584093916687854,10
419,-0.15857149094673395,2.589379274796607,9
420,-0.15857149094673392,2.839379274796607,10
421,-0.1585714909467339,3.089379274796607,10
422,-0.15857149094673387,3.339379274796607,10
423,-0.15857149094673384,3.589379274796607,9
424,-0.1585714909467338,3.839379274796607,8
425,0.1767766952966369,-3.823223304703363,0
426,0.22255079927867305,-3.712714842064455,1
427,0.19033798725721265,-3.712714842064455,0
428,0.1221020609307394,-3.547978743285992,1
429,0.05386613460426615,-3.3832426445075288,1
430,-0.014369791722207106,-3.2185065457290656,1
431,-0.06014389570424324,-3.1079980830901577,2
432,-0.22487999448270632,-3.0397621567636843,3
433,-0.3896160932611694,-2.971526230437211,4
434,-0.3896160932611694,-2.7932171620128052,5
435,-0.21283939796453252,-2.6164404667161683,7
436,-0.03606270266789563,-2.4396637714195313,8
437,0.19490718045992605,-2.343992913328259,9
438,0.3596432792383891,-2.2757569870017855,9
439,0.31386917525635294,-2.3862654496406934,9
440,0.2456332489298796,-2.5510015484191566,9
441,0.13512478629097163,-2.5052274444371205,8
442,0.02461632365206369,-2.4594533404550845,8
443,-0.05996319192402946,-2.3748738248789913,9
444,-0.2909330750518512,-2.279202966787719,9
445,-0.3866039331431236,-2.0482330836598974,11
446,-0.3866039331431236,-1.7982330836598974,11
447,-0.482274791234396,-1.5672632005320757,11
448,-0.5505107175608692,-1.4025271017536127,10
449,-0.5962848215429054,-1.2920186391147048,9
450,-0.5962848215429054,-1.2598058270932444,10
451,-0.5117053059668122,-1.1752263115171513,10
452,-0.3920918079401548,-1.1752263115171513,10
453,-0.39209180794015486,-1.4252263115171513,10
454,-0.4877626660314274,-1.656196194644973,11
455,-0.5538732952961587,-1.6288122753865018,8
456,-0.5538732952961587,-1.3788122753865018,9
457,-0.3891371965176956,-1.3105763490600284,10
458,-0.2630536450877422,-1.184492797630075,9
459,-0.09831754630927914,-1.1162568713036016,9
460,0.07845914898735776,-0.9394801760069648,8
461,0.2045427004173112,-0.8133966245770113,8
462,0.38131939571394813,-0.6366199292803745,9
463,0.558096091010585,-0.4598432339837376,9
464,0.7348727863072219,-0.28306653868710074,9
465,0.7348727863072219,-0.10475747026269494,9
466,0.780646890289258,0.005750992376213002,9
467,0.7145362610245268,0.03313491163468432,10
468,0.6687621570424906,0.14364337427359225,9
469,0.7193610420881773,0.19424225931927885,9
470,0.7467449613466486,0.26035288858401007,9
471,0.9114810601251117,0.3285888149104833,9
472,1.0071519182163842,0.5595586980383049,9
473,1.1028227763076566,0.7905285811661267,9
474,1.1028227763076566,1.0405285811661267,8
475,1.1028227763076566,1.2905285811661267,9
476,1.0071519182163842,1.5214984642939484,8
477,0.8303752229197473,1.6982751595905854,8
478,0.7457957073436542,1.7828546751666785,8
479,0.6612161917675611,1.8674341907427716,7
480,0.5655453336762887,2.098404073870593,7
481,0.5655453336762887,2.348404073870593,5
482,0.46987447558501627,2.5793739569984147,5
483,0.37420361749374387,2.810343840126236,5
484,0.27853275940247146,3.0413137232540577,4
485,0.18286190131119903,3.272283606381879,2
486,0.0871910432199266,3.5032534895097007,2
487,0.08719104321992661,3.7532534895097007,2
488,-0.02976075771126078,-3.987672690529496,0
489,-0.15584430914121425,-4.113756241959449,0
490,-0.07126479356512111,-4.198335757535543,0
491,0.09347130521334196,-4.13009983120907,0
492,0.18914216330461442,-3.8991299480812485,1
493,0.2848130213958869,-3.668160064953427,2
494,0.38048387948715934,-3.4371901818256054,2
495,0.4761547375784318,-3.206220298697784,3
496,0.5718255956697043,-2.9752504155699624,3
497,0.6674964537609767,-2.744280532442141,6
498,0.7631673118522491,-2.5133106493143194,6
499,0.9399440071488859,-2.3365339540176824,4
500,1.0660275585788395,-2.210450402587729,5
501,1.0660275585788395,-2.3300639006143866,5
502,1.1506070741549326,-2.2454843850382935,5
503,1.2351865897310257,-2.1609048694622004,5
504,1.361270141160979,-2.0348213180322468,6
505,1.4873536925909325,-1.9087377666022933,7
506,1.5331277965729686,-1.7982293039633854,7
507,1.5789019005550047,-1.6877208413244775,7
508,1.6246760045370408,-1.5772123786855696,7
509,1.6246760045370408,-1.8272123786855696,6
510,1.6246760045370408,-2.0772123786855694,5
511,1.6246760045370408,-2.3272123786855694,3
512,1.5789019005550047,-2.2167039160466615,2
513,1.5331277965729686,-2.1061954534077536,2
514,1.4873536925909325,-1.9956869907688457,4
515,1.4415795886088965,-1.8851785281299378,4
516,1.3958054846268604,-1.77467006549103,4
517,1.3500313806448243,-1.664161602852122,5
518,1.2239478292148709,-1.5380780514221686,6
519,1.1282769711235985,-1.3071081682943468,6
520,1.1282769711235985,-1.0571081682943468,7
521,1.1282769711235985,-0.9374946702676894,6
522,1.1282769711235985,-0.7591856018432837,8
523,1.1282769711235985,-0.5091856018432837,9
524,1.2930130699020617,-0.4409496755168104,9
525,1.4577491686805248,-0.3727137491903372,8
526,1.6887190518083466,-0.2770428910990647,7
527,1.6887190518083466,-0.027042891099064714,7
528,1.6887190518083466,0.22295710890093529,8
529,1.6204831254818732,0.38769320767939836,8
530,1.5248122673906008,0.61866309080722,8
531,1.4742133823449142,0.6692619758529066,9
532,1.4059774560184408,0.8339980746313697,9
533,1.3602033520364047,0.9445065372702776,9
534,1.2645324939451323,1.1754764203980992,9
535,1.16886163585386,1.406446303525921,8
536,1.0731907777625875,1.6374161866537427,8
537,0.9775199196713151,1.8683860697815644,9
538,0.8818490615800427,2.099355952909386,7
539,0.7861782034887703,2.3303258360372077,8
540,0.6905073453974979,2.561295719165029,7
541,0.5948364873062255,2.7922656022928507,6
542,0.4991656292149531,3.023235485420672,7
543,0.4034947711236807,3.2542053685484937,6
544,0.3078239130324083,3.4851752516763153,7
545,0.13104721773577144,3.6619519469729522,7
546,-0.04572947756086543,3.838728642269589,7
547,-0.23096988312782168,-3.9043291419087276,2
548,-0.31554939870391485,-3.8197496263326345,2
549,-0.2198785406126424,-3.588779743204813,3
550,-0.31554939870391485,-3.3578098600769914,3
551,-0.31554939870391485,-3.1078098600769914,2
552,-0.31554939870391485,-2.8578098600769914,3
553,-0.3477622107253752,-2.8578098600769914,3
554,-0.377522968436636,-2.8454825506064876,3
555,-0.5422590672150991,-2.7772466242800142,2
556,-0.719035762511736,-2.6004699289833773,3
557,-0.8958124578083728,-2.4236932336867403,4
558,-0.8958124578083728,-2.1736932336867403,6
559,-0.8958124578083728,-2.054079735660083,7
560,-1.0725891531050098,-1.8773030403634459,9
561,-1.0452052338465385,-1.8111924110987145,9
562,-1.0452052338465385,-1.7396347816261473,9
563,-1.0575325433170424,-1.7098740239148864,8
564,-1.1236431725817737,-1.6824901046564151,8
565,-1.189753801846505,-1.6551061853979439,8
566,-1.2403526868921917,-1.6045073003522572,7
567,-1.2403526868921917,-1.53294967087969,7
568,-1.308588613218665,-1.3682135721012267,7
569,-1.308588613218665,-1.1182135721012267,7
570,-1.308588613218665,-0.8682135721012267,9
571,-1.3768245395451384,-0.7034774733227637,8
572,-1.4450604658716117,-0.5387413745443006,8
573,-1.5711440173015652,-0.4126578231143472,9
574,-1.6972275687315186,-0.28657427168439376,7
575,-1.792898426822791,-0.05560438855657207,7
576,-1.8885692849140634,0.1753654945712496,7
577,-1.8885692849140634,0.4253654945712496,8
578,-1.9842401430053358,0.6563353776990712,8
579,-1.9842401430053358,0.9063353776990712,7
580,-1.8885692849140634,1.137305260826893,6
581,-1.792898426822791,1.3682751439547147,6
582,-1.6972275687315186,1.5992450270825365,6
583,-1.6015567106402462,1.8302149102103582,7
584,-1.4247800153436092,2.006991605506995,8
585,-1.2480033200469722,2.183768300803632,8
586,-1.0712266247503353,2.360544996100269,7
587,-0.8944499294536984,2.537321691396906,8
588,-0.7176732341570615,2.714098386693543,8
589,-0.6220023760657891,2.9450682698213644,8
590,-0.5263315179745167,3.176038152949186,8
591,-0.43066065988324426,3.4070080360770074,7
592,-0.3349898017919718,3.637977919204829,7
593,-0.23931894370069934,3.8689478023326505,5
594,-0.17677669529663687,-3.823223304703363,2
595,-0.35355339059327373,-3.646446609406726,3
596,-0.26897387501718056,-3.561867093830633,4
597,-0.20073794869070727,-3.726603192609096,4
598,-0.022428880266301465,-3.726603192609096,3
599,0.073241977824971,-3.4956333094812746,3
600,0.16891283591624345,-3.264663426353453,3
601,0.29499638734619693,-3.1385798749235,3
602,0.42107993877615035,-3.0124963234935462,3
603,0.5167507968674228,-2.7815264403657247,6
604,0.6935274921640596,-2.6047497450690877,6
605,0.8703041874606965,-2.4279730497724508,8
606,1.1012740705885182,-2.3323021916811784,6
607,1.2660101693669814,-2.264066265354705,6
608,1.3920937207969348,-2.1379827139247514,6
609,1.4426926058426215,-2.087383828879065,6
610,1.4303652963721176,-2.117144586590326,6
611,1.4029813771136463,-2.183255215855057,6
612,1.35720727313161,-2.293763678493965,6
613,1.3066083880859234,-2.3443625635396512,6
614,1.240497758821192,-2.3717464827981227,6
615,1.1898988737755054,-2.422345367843809,6
616,1.1392999887298187,-2.4729442528894956,5
617,1.1392999887298187,-2.29463518446509,5
618,1.1850740927118548,-2.184126721826182,5
619,1.230848196693891,-2.073618259187274,5
620,1.1986353846724305,-2.073618259187274,5
621,1.1480364996267438,-2.1242171442329605,6
622,1.0974376145810572,-2.073618259187274,6
623,1.0468387295353705,-2.0230193741415876,7
624,0.996239844489684,-1.972420489095901,7
625,0.996239844489684,-1.972420489095901,6
626,0.996239844489684,-1.722420489095901,8
627,0.9504657405076478,-1.611912026456993,8
628,0.8547948824163754,-1.3809421433291713,8
629,0.8090207784343392,-1.2704336806902634,8
630,0.8090207784343392,-1.0204336806902634,9
631,0.8090207784343392,-0.7704336806902634,10
632,0.8090207784343392,-0.5204336806902634,9
633,0.7133499203430668,-0.2894637975624417,9
634,0.7133499203430668,-0.03946379756244173,7
635,0.7133499203430668,0.21053620243755827,8
636,0.7133499203430668,0.4605362024375583,9
637,0.7133499203430668,0.6388452708619641,9
638,0.7133499203430668,0.3888452708619641,9
639,0.6176790622517941,0.15787538773414245,9
640,0.4529429634733311,0.22611131406061574,9
641,0.32685941204337765,0.3521948654905692,9
642,0.20077586061342423,0.47827841692052264,7
643,0.09026739797451629,0.5240525209025588,8
644,-0.005403460116756145,0.7550224040303806,8
645,-0.00540346011675613,1.0050224040303806,8
646,-0.10107431820802856,1.2359922871582023,8
647,-0.10107431820802855,1.4859922871582023,9
648,-0.10107431820802854,1.7359922871582023,9
649,-0.10107431820802852,1.9859922871582023,10
650,-0.10107431820802851,2.2359922871582025,10
651,-0.005403460116756048,2.466962170286024,10
652,-0.0054034601167560325,2.716962170286024,8
653,-0.005403460116756017,2.966962170286024,8
654,-0.005403460116756001,3.216962170286024,8
655,-0.005403460116755986,3.466962170286024,8
656,-0.00540346011675597,3.716962170286024,7
657,-0.0505988850456866,-3.9494011149543136,3
658,0.1261778102509503,-3.7726244196576766,3
659,0.22184866834222275,-3.541654536529855,3
660,0.31751952643349524,-3.3106846534020336,3
661,0.31751952643349524,-3.0606846534020336,3
662,0.31751952643349524,-2.8106846534020336,3
663,0.44360307786344866,-2.936768204831987,3
664,0.5281825934395419,-2.852188689255894,4
665,0.5555665126980132,-2.786078059991163,4
666,0.5555665126980132,-2.6664645619645055,4
667,0.6013406166800493,-2.5559560993255976,5
668,0.4366045179015863,-2.4877201729991243,6
669,0.2718684191231232,-2.419484246672651,6
670,0.39795197055307663,-2.2934006952426973,7
671,0.4825314861291698,-2.208821179666604,7
672,0.3868606280378972,-2.4397910627944257,7
673,0.3868606280378972,-2.26148199437002,7
674,0.5129441794678506,-2.1353984429400663,7
675,0.5129441794678506,-2.063840813467499,8
676,0.5252714889383545,-2.034080055756238,8
677,0.5252714889383545,-2.001867243734778,9
678,0.45371385946578735,-2.001867243734778,9
679,0.27540479104138155,-2.001867243734778,8
680,0.17973393295010912,-1.7708973606069562,10
681,0.17973393295010912,-1.5925882921825505,9
682,0.29024239558901704,-1.6383623961645868,10
683,0.3618000250615842,-1.6383623961645868,8
684,0.3940128370830446,-1.6383623961645868,9
685,0.4446117221287312,-1.5877635111189001,10
686,0.3785010928639999,-1.5603795918604288,12
687,0.2828302347727275,-1.329409708732607,12
688,0.10605353947609064,-1.1526330134359701,12
689,-0.07072315582054622,-0.9758563181393333,11
690,-0.2474998511171831,-0.7990796228426964,12
691,-0.42427654641381995,-0.6223029275460595,12
692,-0.42427654641381995,-0.37230292754605954,12
693,-0.5199474045050924,-0.14133304441823785,12
694,-0.5199474045050924,0.10866695558176215,11
695,-0.4242765464138199,0.33963683870958383,11
696,-0.32860568832254744,0.5706067218374056,12
697,-0.32860568832254744,0.8206067218374056,12
698,-0.32860568832254744,1.0706067218374056,12
699,-0.32860568832254744,1.3206067218374056,11
700,-0.32860568832254744,1.5706067218374056,11
701,-0.32860568832254744,1.8206067218374056,6
702,-0.32860568832254744,2.0706067218374056,6
703,-0.23293483023127498,2.301576604965227,6
704,-0.13726397214000252,2.5325464880930486,6
705,-0.04159311404873006,2.76351637122087,5
706,-0.04159311404873005,3.01351637122087,5
707,-0.041593114048730034,3.26351637122087,5
708,-0.04159311404873002,3.51351637122087,3
709,-0.04159311404873001,3.76351637122087,3
710,-0.1647360987784631,-4.068235926326473,3
711,-0.26040695686973553,-3.8372660431986514,3
712,-0.26040695686973553,-3.5872660431986514,4
713,-0.26040695686973553,-3.3372660431986514,4
714,-0.26040695686973553,-3.0872660431986514,4
715,-0.21463285288769937,-2.9767575805597435,4
716,-0.22696016235820327,-2.9469968228484826,3
717,-0.25917297437966363,-2.9469968228484826,3
718,-0.2819508722011258,-2.9242189250270205,3
719,-0.3776217302923982,-2.693249041899199,5
720,-0.4732925883836706,-2.4622791587713775,7
721,-0.4459086691251993,-2.5283897880361086,7
722,-0.4459086691251993,-2.408776290009451,6
723,-0.40013456514316315,-2.2982678273705432,8
724,-0.3727506458846918,-2.232157198105812,8
725,-0.28817113030859864,-2.147577682529719,8
726,-0.2607872110501273,-2.081467053264988,8
727,-0.2101883260044407,-2.0308681682193015,8
728,-0.1978610165339368,-2.0011074105080406,8
729,-0.1472621314882502,-1.950508525462354,8
730,-0.06268261591215704,-1.8659290098862609,7
731,0.0478258467267509,-1.8201549059042248,7
732,0.21256194550521396,-1.7519189795777514,8
733,0.377298044283677,-1.683683053251278,8
734,0.54203414306214,-1.6154471269248047,9
735,0.7067702418406031,-1.5472112005983314,10
736,0.8328537932705565,-1.421127649168378,10
737,0.8328537932705565,-1.2428185807439722,10
738,0.7646178669440833,-1.078082481965509,10
739,0.8907014183740367,-0.9519989305355556,10
740,1.0167849698039901,-0.8259153791056022,10
741,1.0167849698039901,-0.5759153791056022,11
742,0.9485490434775169,-0.41117928032713913,11
743,0.9027749394954807,-0.3006708176882312,11
744,0.8705621274740203,-0.3006708176882312,11
745,1.0352982262524835,-0.2324348913617579,8
746,1.2000343250309466,-0.16419896503528464,10
747,1.3647704238094098,-0.09596303870881137,10
748,1.3647704238094098,0.08234602971559443,9
749,1.2965344974829365,0.2470821284940575,9
750,1.2965344974829365,0.3186397579666247,10
751,1.4070429601218444,0.3644138619486608,9
752,1.5717790589003076,0.4326497882751341,8
753,1.7365151576787707,0.5008857146016074,8
754,1.7662759153900316,0.48855840513110343,8
755,1.7936598346485029,0.5546690343958347,8
756,1.8210437539069741,0.6207796636605659,7
757,1.736464238330881,0.7053591792366591,7
758,1.736464238330881,0.9553591792366591,7
759,1.6407933802396086,1.1863290623644809,9
760,1.5451225221483362,1.4172989454923026,7
761,1.4494516640570638,1.6482688286201244,8
762,1.3537808059657914,1.879238711747946,8
763,1.258109947874519,2.110208594875768,8
764,1.1624390897832466,2.3411784780035894,7
765,0.9856623944866097,2.5179551733002263,8
766,0.8899915363953373,2.748925056428048,7
767,0.7943206783040649,2.9798949395558694,7
768,0.6986498202127925,3.210864822683691,6
769,0.5218731249161557,3.387641517980328,6
770,0.42620226682488327,3.6186114011081494,6
771,0.2494255715282464,3.7953880964047864,6
772,0.07264887623160954,3.9721647917014233,4
773,-0.08457951557609315,-3.915420484423907,1
774,0.011091342515179306,-3.6844506012960854,1
775,0.10676220060645177,-3.453480718168264,1
776,0.2024330586977242,-3.2225108350404423,0
777,0.03769695991926114,-3.154274908713969,2
778,0.1333678180105336,-2.9233050255861475,3
779,0.21794733358662674,-3.0078845411622406,3
780,0.31361819167789917,-2.776914658034419,2
781,0.31361819167789917,-2.6573011600077616,2
782,0.31361819167789917,-2.5857435305351943,3
783,0.28623427241942784,-2.5196329012704632,4
784,0.05526438929160615,-2.423962043179191,6
785,0.05526438929160617,-2.245652974754785,8
786,-0.1215123060050307,-2.068876279458148,8
787,-0.2982890013016676,-1.8920995841615111,9
788,-0.39395985939294,-1.6611297010336894,9
789,-0.4896307174842124,-1.4301598179058677,11
790,-0.6001391801231203,-1.3843857139238316,11
791,-0.6662498093878515,-1.3570017946653603,11
792,-0.716848694433538,-1.3064029096196736,10
793,-0.8936253897301749,-1.1296262143230367,12
794,-1.0197089411601283,-1.0035426628930832,12
795,-1.1457924925900818,-0.8774591114631298,12
796,-1.3225691878867187,-0.700682416166493,11
797,-1.4993458831833557,-0.5239057208698561,11
798,-1.4993458831833557,-0.2739057208698561,11
799,-1.4993458831833557,-0.023905720869856095,11
800,-1.4993458831833557,0.2260942791301439,10
801,-1.4993458831833557,0.2260942791301439,10
802,-1.5950167412746281,0.4570641622579656,9
803,-1.771793436571265,0.6338408575546025,9
804,-1.771793436571265,0.8838408575546025,8
805,-1.6761225784799927,1.1148107406824241,8
806,-1.5804517203887203,1.3457806238102459,8
807,-1.4847808622974479,1.5767505069380676,8
808,-1.3891100042061755,1.8077203900658894,8
809,-1.293439146114903,2.038690273193711,6
810,-1.116662450818266,2.215466968490348,4
811,-0.9398857555216292,2.392243663786985,7
812,-0.7631090602249924,2.569020359083622,7
813,-0.5863323649283555,2.745797054380259,7
814,-0.49066150683708304,2.9767669375080805,7
815,-0.3949906487458106,3.207736820635902,6
816,-0.2993197906545381,3.4387067037637236,6
817,-0.20364893256326566,3.669676586891545,5
818,-0.20364893256326563,3.919676586891545,4
819,-0.06611062926473124,-3.9726160807415285,3
820,-0.03872671000625991,-4.03872671000626,3
821,0.12600938877220316,-3.9704907836797863,3
822,0.1260093887722032,-3.7204907836797863,2
823,0.12600938877220322,-3.4704907836797863,2
824,0.12600938877220325,-3.2204907836797863,2
825,0.12600938877220327,-2.9704907836797863,3
826,0.1260093887722033,-2.7204907836797863,4
827,0.19424531509867657,-2.555754684901323,5
828,0.32032886652863,-2.42967113347137,5
829,0.44641241795858344,-2.3035875820414162,6
830,0.6111485167370465,-2.235351655714943,6
831,0.5653744127550103,-2.3458601183538508,6
832,0.497138486428537,-2.510596217132314,7
833,0.6232220378584904,-2.3845126657023608,7
834,0.6232220378584904,-2.3129550362297935,7
835,0.6004441400370282,-2.2901771384083314,7
836,0.577666242215566,-2.2673992405868693,7
837,0.5548883443941037,-2.244621342765407,7
838,0.4887777151293725,-2.2172374235069356,8
839,0.46599981730791035,-2.1944595256854735,8
840,0.438615898049439,-2.1283488964207424,8
841,0.438615898049439,-2.056791266948175,8
842,0.438615898049439,-1.9852336374756079,7
843,0.46599981730791035,-1.9191230082108766,7
844,0.46599981730791035,-1.8869101961894161,8
845,0.4783271267784142,-1.8571494384781553,8
846,0.5011050245998764,-1.8343715406566932,8
847,0.5238829224213386,-1.811593642835231,8
848,0.5238829224213386,-1.7400360133626638,7
849,0.5115556129508347,-1.710275255651403,7
850,0.4841716936923634,-1.7763858849161343,8
851,0.5687512092684566,-1.6918063693400411,8
852,0.6348618385331878,-1.6644224500815699,8
853,0.5842629534875011,-1.7150213351272565,8
854,0.5181523242227699,-1.7424052543857278,8
855,0.43357280864667674,-1.826984769961821,7
856,0.3489932930705836,-1.911564285537914,6
857,0.1722165977739467,-1.734787590241277,6
858,-0.05875328535387497,-1.6391167321500046,6
859,-0.05875328535387497,-1.6391167321500046,6
860,-0.03136936609540364,-1.705227361414736,6
861,0.13336673268305943,-1.6369914350882626,6
862,0.25945028411301285,-1.5109078836583092,6
863,0.2594502841130128,-1.7609078836583092,6
864,0.28683420337148413,-1.8270185129230405,6
865,0.31421812262995547,-1.8931291421877718,4
866,0.31421812262995547,-1.714820073763366,4
867,0.31421812262995547,-1.5365110053389603,5
868,0.44030167405990894,-1.410427453909007,6
869,0.5663852254898624,-1.2843439024790535,6
870,0.6924687769198158,-1.1582603510491,7
871,0.8185523283497692,-1.0321767996191467,6
872,0.9953290236464061,-0.8554001043225098,6
873,0.8185523283497692,-0.6786234090258729,5
874,0.6417756330531323,-0.5018467137292361,7
875,0.5461047749618599,-0.2708768306014144,8
876,0.5461047749618599,-0.020876830601414376,7
877,0.5461047749618599,0.22912316939858562,8
878,0.6417756330531323,0.4600930525264073,9
879,0.7374464911444047,0.691062935654229,9
880,0.7374464911444047,0.941062935654229,10
881,0.6417756330531323,1.1720328187820508,10
882,0.6417756330531323,1.4220328187820508,10
883,0.5461047749618599,1.6530027019098725,11
884,0.45043391687058754,1.8839725850376943,10
885,0.45043391687058754,2.1339725850376943,9
886,0.35476305877931513,2.364942468165516,9
887,0.35476305877931513,2.614942468165516,6
888,0.25909220068804273,2.8459123512933373,5
889,0.1634213425967703,3.076882234421159,5
890,0.06775048450549787,3.3078521175489803,6
891,-0.027920373585774566,3.538822000676802,6
892,-0.123591231677047,3.7697918838046234,6
893,-0.0505988850456866,-3.9494011149543136,1
894,0.07548466638426685,-3.82331756352436,1
895,0.2015682178142203,-3.6972340120944063,1
896,0.29723907590549276,-3.4662641289665848,1
897,0.29723907590549276,-3.2162641289665848,2
898,0.29723907590549276,-2.9662641289665848,2
899,0.2849117664349889,-2.936503371255324,2
900,0.44964786521345196,-2.8682674449288506,2
901,0.44964786521345196,-2.6182674449288506,5
902,0.6143839639919151,-2.550031518602377,5
903,0.7791200627703782,-2.481795592275904,6
904,1.0100899458981998,-2.3861247341846314,7
905,0.9827060266397285,-2.3200141049199003,7
906,0.8043969582153228,-2.3200141049199003,8
907,0.8043969582153228,-2.248456475447333,9
908,0.7816190603938605,-2.225678577625871,9
909,0.7588411625723983,-2.202900679804409,8
910,0.7266283505509379,-2.202900679804409,8
911,0.6944155385294775,-2.202900679804409,8
912,0.6716376407080152,-2.1801227819829467,8
913,0.6593103312375114,-2.150362024271686,8
914,0.6866942504959826,-2.0842513950069548,8
915,0.7140781697544539,-2.0181407657422237,9
916,0.7140781697544539,-1.839831697317818,10
917,0.8401617211844074,-1.7137481458878645,10
918,0.9247412367605006,-1.6291686303117714,11
919,1.0093207523365937,-1.5445891147356783,11
920,1.0939002679126868,-1.4600095991595852,11
921,1.25863636669115,-1.3917736728331118,11
922,1.3092352517368366,-1.3411747877874252,11
923,1.3598341367825233,-1.2905759027417385,10
924,1.5245702355609865,-1.2223399764152652,10
925,1.6893063343394497,-1.1541040500887918,9
926,1.6893063343394497,-1.1541040500887918,8
927,1.8540424331179128,-1.0858681237623184,7
928,2.018778531896376,-1.017632197435845,7
929,2.195555227193013,-0.8408555021392082,7
930,2.37233192248965,-0.6640788068425714,6
931,2.549108617786287,-0.4873021115459345,7
932,2.6751921692162406,-0.3612185601159811,7
933,2.8012757206461942,-0.23513500868602766,7
934,2.927359272076148,-0.10905145725607424,6
935,2.8316884139848755,0.12191842587174745,4
936,2.6549117186882385,0.29869512116838437,4
937,2.4901756199097753,0.36693104749485767,6
938,2.394504761818503,0.5979009306226793,7
939,2.2988339037272305,0.828870813750501,9
940,2.1340978049487673,0.8971067400769742,9
941,2.1340978049487673,0.9293195520984346,9
942,1.9573211096521304,1.1060962473950715,10
943,1.889085183325657,1.2708323461735347,10
944,1.71230848802902,1.4476090414701717,11
945,1.6166376299377476,1.6785789245979934,10
946,1.5209667718464752,1.9095488077258151,10
947,1.4252959137552028,2.1405186908536367,10
948,1.3296250556639304,2.371488573981458,10
949,1.1528483603672934,2.548265269278095,8
950,0.9760716650706566,2.725041964574732,7
951,0.7992949697740197,2.901818659871369,7
952,0.6225182744773828,3.078595355168006,7
953,0.445741579180746,3.255372050464643,7
954,0.35007072108947357,3.4863419335924646,5
955,0.25439986299820116,3.717311816720286,5
956,0.15872900490692873,3.9482816998481076,4
957,-0.11050846263890796,-4.045774103982036,3
958,-0.19508797821500112,-3.961194588405943,3
959,-0.24086208219703725,-3.850686125767035,4
960,-0.2866361861790734,-3.740177663128127,5
961,-0.19096532808780092,-3.5092077800003056,5
962,-0.1909653280878009,-3.2592077800003056,5
963,-0.3170488795177543,-3.133124228570352,5
964,-0.4127197376090267,-2.9021543454425305,5
965,-0.4127197376090267,-2.6521543454425305,5
966,-0.5083905957002991,-2.421184462314709,9
967,-0.34365449692183603,-2.3529485359882356,10
968,-0.21757094549188258,-2.226864984558282,9
969,-0.2175709454918826,-2.4051740529826877,8
970,-0.2175709454918826,-2.3336164235101204,8
971,-0.2175709454918826,-2.262058794037553,9
972,-0.24034884331334477,-2.239280896216091,9
973,-0.32492835888943794,-2.323860411792184,9
974,-0.42059921698071034,-2.0928905286643626,9
975,-0.4433771148021725,-2.0701126308429005,9
976,-0.4159931955437012,-2.0040020015781694,10
977,-0.4159931955437012,-1.9324443721056022,10
978,-0.4159931955437012,-1.7541353036811964,10
979,-0.5116640536349736,-1.5231654205533747,10
980,-0.607334911726246,-1.292195537425553,10
981,-0.7030057698175184,-1.0612256542977312,11
982,-0.7986766279087908,-0.8302557711699095,12
983,-0.8943474860000632,-0.5992858880420877,11
984,-0.8943474860000632,-0.3492858880420877,10
985,-0.8943474860000632,-0.09928588804208771,9
986,-0.8943474860000632,0.1507141119579123,10
987,-0.8943474860000632,0.3290231803823181,9
988,-0.9625834123265364,0.49375927916078116,11
989,-0.9625834123265364,0.672068347585187,11
990,-0.866912554235264,0.9030382307130087,9
991,-0.866912554235264,1.1530382307130087,11
992,-0.7712416961439916,1.3840081138408304,11
993,-0.6755708380527192,1.6149779969686522,12
994,-0.6755708380527192,1.8649779969686522,11
995,-0.5798999799614468,2.0959478800964737,9
996,-0.48422912187017436,2.326917763224295,9
997,-0.3885582637789019,2.5578876463521167,8
998,-0.29288740568762944,2.7888575294799383,7
999,-0.19721654759635698,3.0198274126077598,7
1000,-0.19721654759635696,3.2698274126077598,7
1001,-0.19721654759635693,3.5198274126077598,6
1002,-0.10154568950508447,3.7507972957355813,6
1003,0.08457951557609317,-3.915420484423907,4
1004,-0.04150403585386031,-4.04150403585386,4
1005,0.04307547972223283,-4.126083551429954,4
1006,0.22138454814663863,-4.126083551429954,3
1007,0.22138454814663863,-3.947774483005548,3
1008,0.22138454814663866,-3.697774483005548,3
1009,0.2213845481466387,-3.447774483005548,3
1010,0.22138454814663872,-3.197774483005548,3
1011,0.289620474473112,-3.0330383842270847,3
1012,0.35785640079958525,-2.8683022854486215,3
1013,0.35785640079958525,-2.748688787421964,4
1014,0.19312030202112218,-2.6804528610954907,4
1015,0.19312030202112218,-2.5608393630688333,4
1016,0.19312030202112215,-2.739148431493239,4
1017,0.19312030202112215,-2.5608393630688333,4
1018,0.12488437569464879,-2.7255754618472965,4
1019,0.1248843756946488,-2.5472663934228907,4
1020,0.02921351760337637,-2.316296510295069,5
1021,-0.06645734048789606,-2.0853266271672477,5
1022,-0.03907342122942474,-2.0192159979025166,5
1023,0.00670068275261141,-1.9087075352636087,5
1024,0.03408460201108273,-1.8425969059988774,5
1025,0.06146852126955405,-1.776486276734146,5
1026,0.08885244052802538,-1.7103756474694147,6
1027,0.0765251310575215,-1.6806148897581539,6
1028,0.049141211799050184,-1.6145042604934225,6
1029,-0.016969417465681057,-1.5871203412349513,5
1030,-0.08852704693824823,-1.5871203412349513,5
1031,-0.11828780464950901,-1.5994476507054551,5
1032,-0.14567172390798036,-1.6655582799701865,5
1033,-0.19144582789001657,-1.7760667426090944,5
1034,-0.08093736525110863,-1.7302926386270583,6
1035,0.03867613277554875,-1.7302926386270583,7
1036,0.1491845954144567,-1.6845185346450222,7
1037,0.2596930580533646,-1.6387444306629861,7
1038,0.2139189540713285,-1.5282359680240782,8
1039,0.03714225877469163,-1.3514592727274413,7
1040,-0.0889412926552618,-1.2253757212974878,7
1041,-0.26571798795189866,-1.0485990260008509,7
1042,-0.4424946832485355,-0.871822330704214,7
1043,-0.4424946832485355,-0.621822330704214,8
1044,-0.538165541339808,-0.3908524475763923,8
1045,-0.538165541339808,-0.14085244757639231,8
1046,-0.538165541339808,0.10914755242360769,9
1047,-0.538165541339808,0.3591475524236077,9
1048,-0.538165541339808,0.6091475524236076,9
1049,-0.538165541339808,0.8591475524236076,9
1050,-0.538165541339808,1.1091475524236076,8
1051,-0.538165541339808,1.3591475524236076,8
1052,-0.538165541339808,1.6091475524236076,8
1053,-0.538165541339808,1.8591475524236076,8
1054,-0.4424946832485355,2.0901174355514294,9
1055,-0.34682382515726307,2.321087318679251,6
1056,-0.2511529670659906,2.5520572018070724,6
1057,-0.15548210897471815,2.783027084934894,6
1058,-0.05981125088344569,3.0139969680627154,5
1059,-0.059811250883445674,3.2639969680627154,4
1060,-0.05981125088344566,3.5139969680627154,4
1061,-0.059811250883445646,3.7639969680627154,4
1062,0.06823592632647327,-3.835263901221537,1
1063,0.24501262162311016,-3.6584872059249,1
1064,0.4217893169197471,-3.481710510628263,1
1065,0.5174601750110195,-3.2507406275004413,1
1066,0.5174601750110195,-3.0007406275004413,1
1067,0.4328806594349263,-3.0853201430765345,1
1068,0.4328806594349263,-2.8353201430765345,3
1069,0.5044382889074935,-2.8353201430765345,2
1070,0.3939298262685856,-2.7895460390944984,5
1071,0.2291937274901225,-2.721310112768025,4
1072,0.06445762871165944,-2.6530741864415517,4
1073,0.24123432400829634,-2.4762974911449147,5
1074,0.40597042278675943,-2.4080615648184414,5
1075,0.5707065215652225,-2.4762974911449147,5
1076,0.6967900729951759,-2.350213939714961,7
1077,0.7650259993216492,-2.185477840936498,7
1078,0.8911095507516026,-2.0593942895065442,6
1079,0.9368836547336388,-1.9488858268676363,7
1080,0.9245563452631349,-1.9191250691563755,7
1081,0.9368836547336388,-1.8893643114451146,7
1082,0.9368836547336388,-2.008977809471772,7
1083,0.9368836547336388,-2.258977809471772,8
1084,0.9368836547336388,-2.508977809471772,8
1085,0.9368836547336388,-2.758977809471772,7
1086,0.8412127966423664,-2.5280079263439506,7
1087,0.745541938551094,-2.297038043216129,7
1088,0.5687652432544571,-2.120261347919492,9
1089,0.4730943851631847,-1.8892914647916703,11
1090,0.42732028118114856,-1.7787830021527624,11
1091,0.42732028118114856,-1.5287830021527624,12
1092,0.3427407656050554,-1.4442034865766693,12
1093,0.3304134561345515,-1.4739642442879302,10
1094,0.49514955491301454,-1.4057283179614568,8
1095,0.621233106342968,-1.2796447665315034,9
1096,0.621233106342968,-1.3512023960040707,10
1097,0.5754590023609318,-1.4617108586429786,9
1098,0.7015425537908853,-1.3356273072130251,8
1099,0.7015425537908853,-1.3356273072130251,7
1100,0.8783192490875221,-1.1588506119163884,9
1101,0.7826483909962497,-0.9278807287885666,9
1102,1.0136182741240714,-0.8322098706972942,9
1103,1.1783543729025343,-0.763973944370821,9
1104,1.1783543729025343,-0.513973944370821,8
1105,0.9473844897747126,-0.6096448024620934,10
1106,0.6973844897747126,-0.6096448024620934,10
1107,0.4664146066468909,-0.5139739443708209,10
1108,0.289637911350254,-0.337197249074184,10
1109,0.1939670532589816,-0.10622736594636234,10
1110,0.19396705325898161,0.14377263405363766,9
1111,0.3200506046889351,0.2698561854835911,8
1112,0.3200506046889351,0.519856185483591,9
1113,0.3200506046889351,0.519856185483591,9
1114,0.48478670346739816,0.5880921118100643,9
1115,0.6108702548973516,0.7141756632400177,10
1116,0.6791061812238248,0.8789117620184808,9
1117,0.8051897326537782,1.0049953134484342,10
1118,0.8051897326537782,1.2549953134484342,10
1119,0.8051897326537782,1.5049953134484342,10
1120,0.6284130373571414,1.6817720087450712,10
1121,0.502329485927188,1.8078555601750246,6
1122,0.6791061812238248,1.9846322554716616,6
1123,0.6791061812238248,2.2346322554716616,6
1124,0.5834353231325524,2.465602138599483,7
1125,0.48776446504128,2.6965720217273046,6
1126,0.3920936069500076,2.927541904855126,6
1127,0.2964227488587352,3.1585117879829476,6
1128,0.20075189076746278,3.389481671110769,6
1129,0.10508103267619034,3.6204515542385907,6
1130,0.009410174584917913,3.851421437366412,6
1131,0.09567085809127246,-3.7690301168721785,0
1132,0.19134171618254492,-3.538060233744357,0
1133,0.2870125742738174,-3.3070903506165354,0
1134,0.2870125742738174,-3.0570903506165354,0
1135,0.2870125742738174,-2.8070903506165354,0
1136,0.38268343236508984,-2.576120467488714,1
1137,0.5594601276617267,-2.399343772192077,1
1138,0.7362368229583636,-2.22256707689544,2
1139,0.9672067060861853,-2.1268962188041676,3
1140,1.198176589214007,-2.031225360712895,3
1141,1.198176589214007,-2.281225360712895,3
1142,1.198176589214007,-2.531225360712895,3
1143,1.198176589214007,-2.781225360712895,4
1144,1.198176589214007,-2.531225360712895,3
1145,1.198176589214007,-2.781225360712895,3
1146,1.198176589214007,-2.531225360712895,4
1147,1.1299406628875337,-2.366489261934432,5
1148,1.0103271648608763,-2.366489261934432,5
1149,0.8907136668342188,-2.366489261934432,7
1150,0.7711001688075614,-2.366489261934432,7
1151,0.6605917061686535,-2.320715157952396,7
1152,0.540978208141996,-2.320715157952396,7
1153,0.5286508986714922,-2.290954400241135,8
1154,0.5286508986714922,-2.1126453318167293,8
1155,0.3518742033748553,-1.9358686365200923,9
1156,0.17509750807821844,-1.7590919412234554,9
1157,-0.0016791872184184209,-1.5823152459268184,7
1158,-0.1784558825150553,-1.4055385506301814,9
1159,-0.35523257781169215,-1.2287618553335444,9
1160,-0.532009273108329,-1.0519851600369075,8
1161,-0.7087859684049659,-0.8752084647402706,9
1162,-0.8044568264962383,-0.644238581612449,9
1163,-0.8044568264962383,-0.39423858161244896,8
1164,-0.8044568264962383,-0.14423858161244896,7
1165,-0.8044568264962383,0.10576141838755104,8
1166,-0.7087859684049658,0.3367313015153727,8
1167,-0.6131151103136934,0.5677011846431944,8
1168,-0.517444252222421,0.798671067771016,8
1169,-0.4217733941311485,1.0296409508988378,8
1170,-0.32610253603987605,1.2606108340266595,8
1171,-0.23043167794860359,1.4915807171544813,8
1172,-0.23043167794860356,1.7415807171544813,8
1173,-0.1347608198573311,1.972550600282303,8
1174,-0.03908996176605864,2.2035204834101245,7
1175,-0.039089961766058626,2.4535204834101245,5
1176,-0.03908996176605861,2.7035204834101245,4
1177,-0.0390899617660586,2.9535204834101245,3
1178,-0.039089961766058584,3.2035204834101245,3
1179,-0.03908996176605857,3.4535204834101245,2
1180,-0.039089961766058556,3.7035204834101245,2
1181,0.04577410398203615,-3.889491537361092,4
1182,-0.04989675410923628,-3.6585216542332706,5
1183,-0.004122650127200131,-3.5480131915943627,5
1184,0.04165145385483602,-3.437504728955455,5
1185,0.08742555783687217,-3.326996266316547,4
1186,0.21350910926682562,-3.2009127148865932,5
1187,0.33959266069677907,-3.0748291634566396,5
1188,0.4656762121267325,-2.948745612026686,5
1189,0.5917597635566859,-2.8226620605967323,6
1190,0.7178433149866393,-2.6965785091667787,6
1191,0.948813198114461,-2.6009076510755063,7
1192,1.1797830812422827,-2.505236792984234,8
1193,1.3058666326722361,-2.37915324155428,8
1194,1.3564655177179228,-2.3285543565085938,8
1195,1.3564655177179228,-2.448167854535251,7
1196,1.3564655177179228,-2.626476922959657,6
1197,1.2882295913914494,-2.79121302173812,6
1198,1.219993665064976,-2.9559491205165833,5
1199,1.219993665064976,-2.7059491205165833,4
1200,1.219993665064976,-2.4559491205165833,5
1201,1.219993665064976,-2.2059491205165833,6
1202,1.219993665064976,-2.0276400520921776,6
1203,1.219993665064976,-1.8493309836677718,7
1204,1.219993665064976,-1.7297174856411144,8
1205,1.219993665064976,-1.5514084172167086,8
1206,1.219993665064976,-1.3730993487923029,8
1207,1.2427715628864382,-1.395877246613765,8
1208,1.2427715628864382,-1.2175681781893593,9
1209,1.3688551143163916,-1.0914846267594058,9
1210,1.4146292182984277,-0.9809761641204979,9
1211,1.4146292182984277,-1.1592852325449037,9
1212,1.5103000763897,-1.3902551156727254,6
1213,1.6299135744163575,-1.3902551156727254,6
1214,1.6299135744163575,-1.5685641840971312,5
1215,1.6071356765948954,-1.545786286275669,5
1216,1.5565367915492088,-1.4951874012299824,5
1217,1.5291528722907375,-1.429076771965251,5
1218,1.4833787683087014,-1.3185683093263432,7
1219,1.4376046643266653,-1.2080598466874353,6
1220,1.341933806235393,-0.9770899635596135,6
1221,1.2462629481441205,-0.7461200804317918,8
1222,1.1505920900528481,-0.51515019730397,10
1223,0.9858559912743851,-0.44691427097749675,9
1224,0.8753475286354772,-0.4011401669954606,9
1225,0.790768013059384,-0.31656065141936746,9
1226,0.7225320867329107,-0.48129675019783047,9
1227,0.7225320867329107,-0.7312967501978305,7
1228,0.7225320867329107,-0.9812967501978305,7
1229,0.6509744572603435,-0.9812967501978305,7
1230,0.5553035991690711,-0.7503268670700087,7
1231,0.37852690387243426,-0.5735501717733719,8
1232,0.2017502085757974,-0.396773476476735,8
1233,0.20175020857579742,-0.146773476476735,9
1234,0.31225867121470535,-0.10099937249469886,9
1235,0.4227671338536133,-0.05522526851266271,9
1236,0.5875032326320764,0.013010657813810556,9
1237,0.6980116952709843,0.0587847617958467,10
1238,0.6980116952709843,0.17839825982250407,10
1239,0.670627776012513,0.2445088890872353,11
1240,0.7212266610581997,0.2951077741329219,11
1241,0.7873372903229309,0.3224916933913932,11
1242,0.8147212095814022,0.3886023226561245,11
1243,0.8147212095814022,0.42081513467758486,10
1244,0.8604953135634383,0.5313235973164928,10
1245,0.8604953135634383,0.60288122678906,10
1246,0.8604953135634383,0.60288122678906,9
1247,0.8481680040929345,0.6326419845003207,9
1248,0.7820573748282033,0.6052580652418494,9
1249,0.7820573748282033,0.8552580652418494,8
1250,0.6173212760497402,0.7870221389153762,7
1251,0.6173212760497402,0.5370221389153762,8
1252,0.4525851772712771,0.46878621258890296,7
1253,0.2216152941434554,0.37311535449763056,6
1254,0.12594443605218297,0.6040852376254522,6
1255,0.05770850972570972,0.7688213364039153,5
1256,0.057708509725709733,1.0188213364039154,8
1257,0.05770850972570975,1.2688213364039154,8
1258,0.05770850972570976,1.5188213364039154,8
1259,0.057708509725709775,1.7688213364039154,8
1260,0.05770850972570979,2.0188213364039154,9
1261,0.0577085097257098,2.2688213364039154,8
1262,0.05770850972570982,2.5188213364039154,8
1263,0.05770850972570983,2.7688213364039154,7
1264,0.057708509725709844,3.0188213364039154,7
1265,0.05770850972570986,3.2688213364039154,4
1266,-0.03796234836556257,3.499791219531737,4
1267,-0.03796234836556256,3.749791219531737,4
1268,-0.08457951557609318,-4.0845795155760936,1
1269,0.09219717972054371,-3.9078028202794566,1
1270,0.18786803781181616,-3.676832937151635,1
1271,0.18786803781181619,-3.426832937151635,2
1272,0.1878680378118162,-3.176832937151635,2
1273,0.18786803781181624,-2.926832937151635,2
1274,0.18786803781181627,-2.676832937151635,2
1275,0.07735957517290833,-2.631058833169599,2
1276,0.12313367915494447,-2.520550370530691,4
1277,0.19469130862751166,-2.520550370530691,4
1278,0.2608019378922429,-2.5479342897891626,5
1279,0.37131040053115083,-2.5021601858071265,5
1280,0.20657430175268776,-2.433924259480653,6
1281,-0.024395581375133923,-2.3382534013893808,6
1282,-0.189131680153597,-2.2700174750629074,6
1283,-0.35386777893206006,-2.201781548736434,6
1284,-0.5306444742286969,-2.025004853439797,6
1285,-0.7074211695253337,-1.84822815814316,6
1286,-0.8030920276166061,-1.6172582750153384,7
1287,-0.9291755790465596,-1.491174723585385,8
1288,-0.9291755790465596,-1.4589619115639245,8
1289,-0.9589363367578203,-1.4712892210344284,8
1290,-1.009535221803507,-1.521888106080115,8
1291,-1.1052060798947794,-1.2909182229522933,9
1292,-1.2819827751914161,-1.1141415276556563,9
1293,-1.458759470488053,-0.9373648323590195,9
1294,-1.63553616578469,-0.7605881370623826,7
1295,-1.7312070238759625,-0.5296182539345609,6
1296,-1.7312070238759625,-0.27961825393456086,6
1297,-1.7312070238759625,-0.029618253934560856,6
1298,-1.63553616578469,0.20135162919326083,7
1299,-1.5398653076934177,0.4323215123210825,8
1300,-1.5398653076934177,0.6823215123210825,9
1301,-1.5398653076934177,0.9323215123210825,8
1302,-1.5398653076934177,1.1823215123210824,8
1303,-1.4441944496021453,1.4132913954489041,8
1304,-1.3485235915108729,1.6442612785767259,8
1305,-1.2528527334196005,1.8752311617045476,8
1306,-1.157181875328328,2.1062010448323694,7
1307,-0.9804051800316912,2.2829777401290063,7
1308,-0.8036284847350543,2.4597544354256433,6
1309,-0.6268517894384175,2.6365311307222803,6
1310,-0.531180931347145,2.867501013850102,5
1311,-0.4355100732558725,3.0984708969779233,5
1312,-0.33983921516460003,3.329440780105745,5
1313,-0.24416835707332757,3.5604106632335664,5
1314,-0.1484974989820551,3.791380546361388,5
1315,-0.045774103982036136,-3.889491537361092,2
1316,-0.07553486169329691,-3.8771642278905882,2
1317,0.050548689736656535,-3.751080676460635,2
1318,0.1187846160631298,-3.586344577682172,2
1319,0.11878461606312982,-3.336344577682172,2
1320,0.11878461606312983,-3.086344577682172,3
1321,0.11878461606312984,-2.836344577682172,3
1322,0.1870205423896031,-2.6716084789037087,4
1323,0.022284443611140042,-2.6033725525772353,5
1324,0.022284443611140056,-2.3533725525772353,7
1325,0.1483679950410935,-2.227289001147282,8
1326,0.27445154647104697,-2.1012054497173285,7
1327,0.3250504315167336,-2.050606564671642,7
1328,0.3756493165624202,-2.0000076796259556,8
1329,0.4262482016081068,-1.949408794580269,8
1330,0.4536321208665781,-1.8832981653155376,8
1331,0.48101604012504945,-1.8171875360508063,9
1332,0.48101604012504945,-1.7849747240293459,9
1333,0.4536321208665781,-1.8510853532940772,9
1334,0.4030332358208915,-1.9016842383397639,9
1335,0.29252477318198356,-1.8559101343577278,9
1336,0.12778867440352049,-1.7876742080312544,9
1337,0.017280211764612544,-1.7419001040492184,9
1338,0.017280211764612547,-1.709687292027758,9
1339,0.017280211764612547,-1.709687292027758,9
1340,-0.05095571456186071,-1.544951193249295,9
1341,-0.11919164088833396,-1.3802150944708318,9
1342,-0.18742756721480722,-1.2154789956923686,10
1343,-0.022691468436344148,-1.1472430693658953,9
1344,0.14204463034211892,-1.079007143039422,8
1345,0.23771548843339138,-0.8480372599116002,9
1346,0.2377154884333914,-0.5980372599116002,10
1347,0.33338634652466387,-0.3670673767837785,10
1348,0.33338634652466387,-0.18875830835937268,12
1349,0.28761224254262774,-0.07824984572046474,12
1350,0.2418381385605916,0.0322586169184432,11
1351,0.3100740648870649,0.19699471569690627,11
1352,0.3100740648870649,0.37530378412131205,10
1353,0.37830999121353814,0.5400398828997751,11
1354,0.4465459175400114,0.7047759816782382,10
1355,0.4465459175400114,0.9547759816782382,10
1356,0.4465459175400114,1.2047759816782382,10
1357,0.4465459175400114,1.4547759816782382,9
1358,0.350875059448739,1.68574586480606,8
1359,0.2552042013574666,1.9167157479338817,8
1360,0.2552042013574666,2.166715747933882,7
1361,0.2552042013574666,2.416715747933882,6
1362,0.2552042013574666,2.666715747933882,6
1363,0.15953334326619414,2.8976856310617034,6
1364,0.06386248517492171,3.128655514189525,7
1365,0.06386248517492173,3.378655514189525,6
1366,-0.031808372916350705,3.6096253973173464,6
1367,-0.12747923100762315,3.840595280445168,5
1368,0.12608355142995342,-4.126083551429954,2
1369,0.3043926198543592,-4.126083551429954,2
1370,0.3043926198543592,-3.947774483005548,2
1371,0.3043926198543592,-3.697774483005548,2
1372,0.3043926198543592,-3.447774483005548,2
1373,0.4000634779456317,-3.2168045998777264,2
1374,0.4682994042721049,-3.052068501099263,4
1375,0.5365353305985782,-2.8873324023208,4
1376,0.6322061886898507,-2.6563625191929785,4
1377,0.8089828839864875,-2.4795858238963415,7
1378,0.9857595792831244,-2.3028091285997045,8
1379,0.9857595792831244,-2.374366758072272,8
1380,0.9857595792831244,-2.624366758072272,8
1381,0.9175236529566511,-2.789102856850735,5
1382,0.832944137380558,-2.704523341274642,6
1383,0.7483646218044648,-2.619943825698549,6
1384,0.6637851062283717,-2.5353643101224557,7
1385,0.5792055906522786,-2.4507847945463626,7
1386,0.49462607507618545,-2.3662052789702694,7
1387,0.4100465595000923,-2.2816257633941763,7
1388,0.3254670439239991,-2.197046247818083,7
1389,0.24088752834790594,-2.11246673224199,7
1390,0.19028864330221934,-2.0618678471963037,7
1391,0.1445145393201832,-1.9513593845573958,6
1392,0.09874043533814708,-1.8408509219184879,7
1393,0.0759625375166849,-1.8180730240970258,7
1394,0.046201779805424115,-1.805745714626522,7
1395,0.03387447033492023,-1.775984956915261,7
1396,0.08447335538060682,-1.7253860718695744,7
1397,0.13507224042629343,-1.6747871868238877,7
1398,0.2611557918562469,-1.5487036353939343,8
1399,0.34573530743234004,-1.4641241198178412,8
1400,0.39633419247802665,-1.4135252347721545,10
1401,0.44693307752371325,-1.3629263497264679,9
1402,0.4195491582652419,-1.2968157204617365,9
1403,0.4195491582652419,-1.2968157204617365,9
1404,0.40722184879473805,-1.2670549627504757,9
1405,0.3750090367732777,-1.2670549627504757,9
1406,0.3750090367732777,-1.2670549627504757,7
1407,0.3750090367732776,-1.5170549627504757,8
1408,0.40239295603174896,-1.583165592015207,7
1409,0.4685035852964802,-1.5557816727567357,7
1410,0.498264343007741,-1.5434543632862319,6
1411,0.5210422408292031,-1.5206764654647698,6
1412,0.5210422408292031,-1.4010629674381123,6
1413,0.5210422408292031,-1.2814494694114549,7
1414,0.5210422408292031,-1.1618359713847974,8
1415,0.5668163448112393,-1.0513275087458895,7
1416,0.5668163448112393,-1.0513275087458895,7
1417,0.39003964951460246,-0.8745508134492527,8
1418,0.2132629542179656,-0.6977741181526158,8
1419,0.03495388579355979,-0.6977741181526158,8
1420,-0.12978221298490328,-0.6295381918261426,7
1421,-0.36075209611272496,-0.53386733373487,7
1422,-0.45642295420399737,-0.30289745060704837,6
1423,-0.45642295420399737,-0.05289745060704837,7
1424,-0.45642295420399737,0.19710254939295163,6
1425,-0.3607520961127249,0.4280724325207733,6
1426,-0.26508123802145245,0.659042315648595,6
1427,-0.16941037993018,0.8900121987764167,6
1428,-0.07373952183890753,1.1209820819042384,7
1429,-0.07373952183890752,1.3709820819042384,9
1430,-0.0737395218389075,1.6209820819042384,7
1431,-0.07373952183890749,1.8709820819042384,7
1432,-0.07373952183890747,2.1209820819042386,6
1433,0.021931336252364986,2.35195196503206,6
1434,0.021931336252365,2.60195196503206,6
1435,0.021931336252365013,2.85195196503206,7
1436,0.021931336252365027,3.10195196503206,6
1437,0.02193133625236504,3.35195196503206,5
1438,0.021931336252365055,3.60195196503206,5
1439,-0.07373952183890738,3.8329218481598817,3
1440,-0.12608355142995348,-4.126083551429954,1
1441,-0.12608355142995348,-3.947774483005548,1
1442,-0.12608355142995345,-3.697774483005548,1
1443,-0.12608355142995342,-3.447774483005548,1
1444,-0.1260835514299534,-3.197774483005548,4
1445,-0.030412693338680935,-2.9668045998777264,4
1446,-0.03041269333868092,-2.7168045998777264,4
1447,-0.07618679732071712,-2.8273130625166343,3
1448,0.01948406077055534,-2.5963431793888128,5
1449,0.19779312919496114,-2.5963431793888128,5
1450,0.37456982449159804,-2.419566484092176,7
1451,0.28999030891550487,-2.504145999668269,6
1452,0.24421620493346866,-2.614654462307177,6
1453,0.17598027860699528,-2.77939056108564,7
1454,0.13020617462495915,-2.668882098446732,7
1455,0.08443207064292302,-2.558373635807824,7
1456,0.08443207064292303,-2.4387601377811667,9
1457,0.08443207064292305,-2.3191466397545093,9
1458,0.1302061746249592,-2.2086381771156014,9
1459,0.1302061746249592,-2.137080547643034,9
1460,0.1302061746249592,-2.065522918170467,9
1461,0.15759009388343054,-1.9994122889057355,9
1462,0.18497401314190187,-1.9333016596410042,9
1463,0.20775191096336404,-1.910523761819542,9
1464,0.20775191096336404,-1.910523761819542,9
1465,0.2923314265394572,-1.825944246243449,9
1466,0.31971534579792854,-1.7598336169787177,9
1467,0.31971534579792854,-1.6402201189520602,9
1468,0.2739412418158924,-1.5297116563131523,9
1469,0.22816713783385628,-1.4192031936742444,8
1470,0.22816713783385628,-1.299589695647587,8
1471,0.22816713783385628,-1.1212806272231812,9
1472,0.2281671378338563,-0.8712806272231812,9
1473,0.22816713783385634,-0.6212806272231812,10
1474,0.21583982836335244,-0.5915198695119205,10
1475,0.21583982836335247,-0.3415198695119205,10
1476,0.2158398283633525,-0.09151986951192048,7
1477,0.18845590910488114,-0.1576304987766517,8
1478,0.13785702405919453,-0.10703161373096509,8
1479,0.15018433352969843,-0.0772708560197043,5
1480,0.1044102295476623,0.033237606619203636,5
1481,0.10441022954766231,0.15285110464586102,4
1482,0.10441022954766233,0.40285110464586105,7
1483,0.10441022954766234,0.652851104645861,7
1484,0.10441022954766235,0.902851104645861,7
1485,0.10441022954766237,1.152851104645861,8
1486,0.20008108763893484,1.3838209877736827,8
1487,0.20008108763893487,1.6338209877736827,6
1488,0.2000810876389349,1.8838209877736827,5
1489,0.20008108763893492,2.1338209877736825,7
1490,0.20008108763893495,2.3838209877736825,7
1491,0.2957519457302074,2.614790870901504,6
1492,0.2957519457302074,2.864790870901504,6
1493,0.20008108763893498,3.0957607540293255,5
1494,0.10441022954766255,3.326730637157147,4
1495,0.008739371456390116,3.5577005202849685,4
1496,-0.08693148663488232,3.78867040341279,4
1497,-0.11050846263890796,-4.045774103982036,2
1498,-1.3877787807814457e-17,-4.0,2
1499,-2.95950631256971e-18,-3.8216909315755943,2
1500,1.2348578676772205e-17,-3.5716909315755943,3
1501,2.765666366611412e-17,-3.3216909315755943,3
1502,0.09567085809127249,-3.0907210484477727,4
1503,0.19134171618254495,-2.859751165319951,3
1504,0.19134171618254497,-2.609751165319951,4
1505,0.35607781496100804,-2.541515238993478,4
1506,0.42431374128748134,-2.3767791402150147,5
1507,0.5503972927174348,-2.250695588785061,7
1508,0.6764808441473882,-2.1246120373551074,7
1509,0.630706740165352,-2.2351204999940153,7
1510,0.5849326361833158,-2.345628962632923,8
1511,0.5166967098568425,-2.5103650614113864,8
1512,0.4484607835303691,-2.6751011601898496,7
1513,0.38022485720389576,-2.8398372589683127,7
1514,0.38022485720389576,-2.661528190543907,7
1515,0.2956453416278026,-2.576948674967814,7
1516,0.19997448353653016,-2.3459787918399924,9
1517,0.1317385572100569,-2.181242693061529,9
1518,0.1317385572100569,-2.0616291950348717,9
1519,0.1317385572100569,-1.9900715655623045,9
1520,0.11941124773955301,-1.9603108078510436,9
1521,0.10708393826904913,-1.9305500501397828,9
1522,0.10708393826904913,-1.8589924206672155,9
1523,0.13446785752752044,-1.7928817914024842,9
1524,0.16185177678599177,-1.7267711621377528,9
1525,0.06618091869471934,-1.495801279009931,9
1526,0.04340302087325716,-1.473023381188469,9
1527,-0.007195864172429456,-1.5236222662341556,8
1528,-0.05296996815446566,-1.6341307288730635,8
1529,0.07311358327548778,-1.5080471774431101,7
1530,0.23784968205395082,-1.5762831037695835,7
1531,0.23784968205395085,-1.3262831037695835,9
1532,0.23784968205395082,-1.445896601796241,9
1533,0.23784968205395085,-1.195896601796241,9
1534,0.4146263773505877,-1.0191199064996042,10
1535,0.5914030726472246,-0.8423432112029673,9
1536,0.7681797679438614,-0.6655665159063304,9
1537,0.7681797679438614,-0.4155665159063304,9
1538,0.7681797679438614,-0.16556651590633042,10
1539,0.7681797679438614,0.08443348409366958,11
1540,0.7681797679438614,0.3344334840936696,11
1541,0.7681797679438614,0.5844334840936696,9
1542,0.7681797679438614,0.8344334840936696,8
1543,0.7681797679438614,1.0844334840936696,9
1544,0.7681797679438614,1.3344334840936696,9
1545,0.7681797679438614,1.5844334840936696,8
1546,0.672508909852589,1.8154033672214913,8
1547,0.5768380517613166,2.046373250349313,8
1548,0.5768380517613166,2.296373250349313,6
1549,0.5768380517613166,2.546373250349313,5
1550,0.5768380517613166,2.796373250349313,5
1551,0.4000613564646798,2.97314994564595,5
1552,0.30439049837340737,3.2041198287737713,5
1553,0.20871964028213494,3.435089711901593,5
1554,0.1130487821908625,3.6660595950294144,5
1555,0.028469266614769353,3.7506391106055075,5
1556,0.1767766952966369,-3.823223304703363,2
1557,0.3535533905932738,-3.646446609406726,2
1558,0.5303300858899107,-3.469669914110089,2
1559,0.6149096014660038,-3.554249429686182,2
1560,0.6149096014660038,-3.304249429686182,2
1561,0.45017350268754075,-3.236013503359709,3
1562,0.45017350268754075,-2.986013503359709,3
1563,0.21920361955971907,-2.8903426452684364,4
1564,0.2192036195597191,-2.6403426452684364,5
1565,0.2192036195597191,-2.568785015795869,5
1566,0.2192036195597191,-2.497227386323302,7
1567,0.17342951557768296,-2.386718923684394,7
1568,0.2416654419041563,-2.551455022462857,7
1569,0.2874395458861924,-2.4409465598239493,7
1570,0.21920361955971907,-2.6056826586024124,7
1571,0.2192036195597191,-2.3556826586024124,7
1572,0.10869515692081114,-2.4014567625844485,7
1573,-0.0018133057180968193,-2.4472308665664846,7
1574,-0.08639282129419,-2.5318103821425777,7
1575,-0.18206367938546242,-2.300840499014756,7
1576,-0.18206367938546242,-2.229282869542189,7
1577,-0.15467976012699108,-2.163172240277458,8
1578,-0.10408087508130448,-2.1125733552317714,8
1579,-0.07669695582283316,-2.0464627259670403,8
1580,-0.04931303656436184,-1.980352096702309,9
1581,-0.04931303656436184,-1.9481392846808485,9
1582,-0.06164034603486573,-1.9183785269695877,9
1583,-0.2384170413315026,-1.7416018316729507,10
1584,-0.364500592761456,-1.6155182802429973,10
1585,-0.43273651908792926,-1.4507821814645343,10
1586,-0.6095132143845661,-1.2740054861678973,10
1587,-0.7051840724758385,-1.0430356030400756,10
1588,-0.8008549305671109,-0.8120657199122538,11
1589,-0.9776316258637477,-0.635289024615617,11
1590,-1.0733024839550203,-0.4043191414877953,10
1591,-1.0733024839550203,-0.1543191414877953,10
1592,-1.0733024839550203,0.0956808585122047,10
1593,-0.9776316258637479,0.3266507416400264,10
1594,-0.8819607677724755,0.5576206247678481,11
1595,-0.8819607677724755,0.8076206247678481,10
1596,-0.8819607677724755,1.0576206247678481,10
1597,-0.786289909681203,1.2885905078956699,9
1598,-0.6906190515899306,1.5195603910234916,9
1599,-0.5949481934986582,1.7505302741513133,9
1600,-0.4992773354073858,1.981500157279135,9
1601,-0.4036064773161133,2.2124700404069566,9
1602,-0.30793561922484086,2.443439923534778,7
1603,-0.2122647611335684,2.6744098066625996,7
1604,-0.21226476113356837,2.9244098066625996,7
1605,-0.21226476113356835,3.1744098066625996,5
1606,-0.11659390304229589,3.405379689790421,4
1607,-0.11659390304229587,3.655379689790421,4
1608,-0.2122647611335683,3.8863495729182427,2
1609,0.11050846263890791,-4.045774103982036,2
1610,0.20617932073018036,-3.8148042208542146,2
1611,0.16040521674814423,-3.7042957582153067,2
1612,0.16040521674814426,-3.4542957582153067,3
1613,0.16040521674814429,-3.2042957582153067,4
1614,0.1604052167481443,-2.9542957582153067,4
1615,0.25607607483941675,-2.723325875087485,4
1616,0.3517469329306892,-2.4923559919596636,5
1617,0.44741779102196166,-2.261386108831842,6
1618,0.49319189500399785,-2.37189457147075,7
1619,0.6699685903006347,-2.195117876174113,8
1620,0.6241944863185985,-2.305626338813021,8
1621,0.5784203823365623,-2.416134801451929,8
1622,0.510184456010089,-2.580870900230392,8
1623,0.3318753875856832,-2.580870900230392,7
1624,0.1535663191612774,-2.580870900230392,7
1625,-0.02321037613535948,-2.404094204933755,10
1626,-0.25418025926318116,-2.3084233468424826,10
1627,-0.43095695455981803,-2.1316466515458456,10
1628,-0.5266278126510905,-1.900676768418024,10
1629,-0.5948637389775637,-1.735940669639561,9
1630,-0.6905345970688361,-1.5049707865117392,9
1631,-0.7587705233953094,-1.3402346877332763,9
1632,-0.9355472186919462,-1.1634579924366393,9
1633,-1.112323913988583,-0.9866812971400024,9
1634,-1.28910060928522,-0.8099046018433655,8
1635,-1.465877304581857,-0.6331279065467287,8
1636,-1.5341132309083303,-0.7978640053251917,8
1637,-1.4144997328816729,-0.7978640053251917,7
1638,-1.5912764281783098,-0.6210873100285549,7
1639,-1.4956055700870374,-0.3901174269007332,7
1640,-1.399934711995765,-0.15914754377291151,7
1641,-1.399934711995765,0.09085245622708849,8
1642,-1.399934711995765,0.3408524562270885,8
1643,-1.399934711995765,0.5908524562270885,8
1644,-1.3042638539044926,0.8218223393549102,7
1645,-1.2085929958132202,1.052792222482732,7
1646,-1.1129221377219478,1.2837621056105537,7
1647,-0.936145442425311,1.4605388009071905,7
1648,-0.8404745843340384,1.6915086840350122,7
1649,-0.744803726242766,1.922478567162834,6
1650,-0.5680270309461292,2.099255262459471,6
1651,-0.4723561728548567,2.3302251455872924,6
1652,-0.37668531476358424,2.561195028715114,5
1653,-0.37668531476358424,2.811195028715114,4
1654,-0.2810144566723118,3.0421649118429355,2
1655,-0.18534359858103933,3.273134794970757,2
1656,-0.08967274048976687,3.5041046780985785,2
1657,-0.08967274048976685,3.7541046780985785,2
1658,-0.0505988850456866,-3.9494011149543136,3
1659,0.07548466638426685,-3.82331756352436,3
1660,0.1437205927107401,-3.6585814647458967,3
1661,0.1437205927107401,-3.5389679667192393,4
1662,0.18949469669277627,-3.4284595040803314,3
1663,0.25773062301924954,-3.263723405301868,3
1664,0.3259665493457228,-3.098987306523405,4
1665,0.4520501007756762,-2.9729037550934514,4
1666,0.5477209588669487,-2.74193387196563,4
1667,0.6433918169582211,-2.5109639888378084,6
1668,0.820168512254858,-2.3341872935411714,6
1669,0.9462520636848114,-2.208103742111218,6
1670,0.8616725481087182,-2.2926832576873113,7
1671,0.7934366217822448,-2.4574193564657745,7
1672,0.7252006954557715,-2.6221554552442377,8
1673,0.6569647691292981,-2.786891554022701,8
1674,0.611190665147262,-2.8974000166616087,6
1675,0.5429547388207887,-2.7326639178831456,6
1676,0.45837522324469554,-2.6480844023070524,7
1677,0.3901392969182223,-2.4833483035285893,6
1678,0.3901392969182223,-2.3050392351041835,6
1679,0.3901392969182223,-2.185425737077526,6
1680,0.34436519293618617,-2.074917274438618,7
1681,0.31698127367771484,-2.008806645173887,7
1682,0.2895973544192435,-1.9426960159091557,7
1683,0.24382325043720737,-1.8321875532702478,7
1684,0.19804914645517124,-1.72167909063134,7
1685,0.19804914645517124,-1.6020655926046825,7
1686,0.1522750424731351,-1.4915571299657746,7
1687,0.05660418438186268,-1.2605872468379529,6
1688,-0.12017251091477418,-1.083810551541316,6
1689,-0.2969492062114111,-0.907033856244679,5
1690,-0.3926200643026835,-0.6760639731168574,6
1691,-0.4882909223939559,-0.4450940899890357,7
1692,-0.5839617804852283,-0.21412420686121403,8
1693,-0.5839617804852283,0.03587579313878597,7
1694,-0.6796326385765007,0.26684567626660766,6
1695,-0.7478685649029739,0.4315817750450707,7
1696,-0.7936426688850101,0.5420902376839787,7
1697,-0.8618785952114834,0.7068263364624418,7
1698,-0.8618785952114834,0.9568263364624418,7
1699,-0.9301145215379566,1.1215624352409048,9
1700,-0.699144638410135,1.0258915771496322,9
1701,-0.949144638410135,1.0258915771496322,9
1702,-1.1274537068345407,1.0258915771496322,10
1703,-1.2231245649258133,0.7949216940218106,10
1704,-1.3999012602224503,0.6181449987251737,8
1705,-1.304230402131178,0.8491148818529954,9
1706,-1.554230402131178,0.8491148818529954,9
1707,-1.7852002852589997,0.944785739944268,8
1708,-2.016170168386821,1.0404565980355405,8
1709,-2.2471400515146427,1.1361274561268129,7
1710,-2.1514691934233703,1.3670973392546346,6
1711,-1.9746924981267333,1.5438740345512714,8
1712,-1.879021640035461,1.774843917679093,8
1713,-1.7833507819441885,2.005813800806915,8
1714,-1.687679923852916,2.2367836839347364,6
1715,-1.8137634752828695,2.36286723536469,4
1716,-1.9784995740613325,2.4311031616911634,4
1717,-2.1552762693579695,2.2543264663945264,5
1718,-1.9243063862301477,2.349997324485799,5
1719,-1.7475296909335107,2.5267740197824358,5
1720,-1.5707529956368738,2.7035507150790727,6
1721,-1.3939763003402368,2.8803274103757097,7
1722,-1.2171996050435998,3.0571041056723467,7
1723,-1.0404229097469628,3.2338808009689837,7
1724,-0.8094530266191411,3.329551659060256,7
1725,-0.5784831434913194,3.4252225171515285,8
1726,-0.4017064481946825,3.6019992124481655,7
1727,-0.2249297528980456,3.7787759077448024,9
1728,-0.0481530576014087,3.9555526030414394,8
1729,-0.17677669529663687,-3.823223304703363,3
1730,-0.050693143866683416,-3.69713975327341,2
1731,-0.0506931438666834,-3.44713975327341,3
1732,-0.05069314386668339,-3.19713975327341,3
1733,0.01754278245978988,-3.0324036544949466,4
1734,0.08577870878626315,-2.8676675557164835,4
1735,0.1315528127682993,-2.7571590930775756,5
1736,0.21613232834439247,-2.6725795775014825,5
1737,0.3422158797743459,-2.5464960260715293,7
1738,0.5069519785528089,-2.478260099745056,7
1739,0.671688077331272,-2.4100241734185825,6
1740,0.6259139733492358,-2.5205326360574904,6
1741,0.5576780470227625,-2.6852687348359536,5
1742,0.5119039430407263,-2.5747602721970457,5
1743,0.3351272477440894,-2.3979835769004088,5
1744,0.3351272477440894,-2.3264259474278415,6
1745,0.25054773216799625,-2.4110054630039346,6
1746,0.16596821659190308,-2.4955849785800277,6
1747,0.08138870101580993,-2.4110054630039346,7
1748,0.05400478175733862,-2.3448948337392035,6
1749,0.05400478175733863,-2.1665857653147977,6
1750,0.09977888573937478,-2.05607730267589,7
1751,0.14555298972141092,-1.945568840036982,7
1752,0.07731706339493767,-1.7808327412585188,7
1753,0.07731706339493769,-1.6612192432318613,6
1754,-0.018353794696334746,-1.4302493601040396,6
1755,-0.11402465278760718,-1.1992794769762178,6
1756,-0.13680255060906937,-1.22205737479768,6
1757,-0.15958044843053157,-1.244835272619142,6
1758,-0.17190775790103546,-1.274596030330403,6
1759,-0.10579712863630424,-1.3019799495888742,6
1760,-0.10579712863630428,-1.5519799495888742,5
1761,0.05893897014215879,-1.4837440232624008,7
1762,0.22367506892062186,-1.4155080969359275,7
1763,0.3341835315595298,-1.3697339929538914,8
1764,0.46026708298948327,-1.243650441523938,8
1765,0.5863506344194367,-1.1175668900939846,8
1766,0.7124341858493901,-0.9914833386640312,9
1767,0.8385177372793435,-0.8653997872340777,9
1768,1.0152944325759805,-0.6886230919374409,10
1769,1.141377984005934,-0.5625395405074874,10
1770,1.141377984005934,-0.31253954050748745,10
1771,1.1687619032644052,-0.2464289112427562,11
1772,1.1687619032644052,0.0035710887572437955,11
1773,1.0730910451731328,0.23454097188506548,10
1774,0.9774201870818604,0.46551085501288714,9
1775,0.9091842607553872,0.6302469537913502,8
1776,0.7831007093254337,0.7563305052213036,10
1777,0.7148647829989605,0.9210666039997667,10
1778,0.48389489987113876,0.8253957459084943,10
1779,0.38822404177986636,1.056365629036316,8
1780,0.29255318368859395,1.2873355121641377,7
1781,0.29255318368859395,1.5373355121641377,5
1782,0.29255318368859395,1.7873355121641377,6
1783,0.29255318368859395,2.0373355121641374,7
1784,0.29255318368859395,2.2873355121641374,7
1785,0.19688232559732152,2.518305395291959,6
1786,0.10121146750604909,2.7492752784197805,6
1787,0.005540609414776659,2.980245161547602,5
1788,0.005540609414776675,3.230245161547602,4
1789,0.005540609414776691,3.480245161547602,5
1790,0.005540609414776706,3.730245161547602,6
1791,-0.0505988850456866,-3.9494011149543136,4
1792,-0.16110734768459456,-3.9951752189363496,4
1793,-0.1383294498631324,-4.017953116757812,4
1794,-0.02782098722422445,-3.9721790127757757,4
1795,-0.02782098722422444,-3.79386994435137,4
1796,-0.02782098722422443,-3.615560875926964,4
1797,-0.02782098722422442,-3.4372518075025584,4
1798,-0.02782098722422441,-3.2589427390781527,4
1799,-0.027820987224224398,-3.080633670653747,5
1800,0.04041493910224887,-2.9158975718752838,5
1801,0.10865086542872214,-2.7511614730968206,6
1802,0.10865086542872215,-2.631547975070163,7
1803,0.10865086542872217,-2.5119344770435057,6
1804,0.10865086542872218,-2.3923209790168483,6
1805,0.04041493910224882,-2.5570570777953114,6
1806,-0.13636175619438806,-2.3802803824986745,8
1807,-0.3131384514910249,-2.2035036872020375,8
1808,-0.40880930958229733,-1.9725338040742157,9
1809,-0.47704523590877057,-1.8077977052957528,9
1810,-0.47704523590877057,-1.629488636871347,9
1811,-0.47704523590877057,-1.4511795684469413,10
1812,-0.47704523590877057,-1.2728705000225355,10
1813,-0.47704523590877057,-1.0228705000225355,9
1814,-0.47704523590877057,-0.9513128705499684,9
1815,-0.3665367732698626,-0.9055387665679322,9
1816,-0.25602831063095466,-0.859764662585896,9
1817,-0.18991768136622342,-0.8323807433274247,9
1818,-0.07940921872731548,-0.7866066393453885,10
1819,-0.028810333681628872,-0.736007754299702,10
1820,-0.02881033368162887,-0.6644501248271348,10
1821,-0.09704626000810213,-0.49971402604867177,10
1822,-0.22312981143805555,-0.37363047461871834,10
1823,-0.31880066952932795,-0.14266059149089666,11
1824,-0.31880066952932795,0.10733940850910334,11
1825,-0.31880066952932795,0.35733940850910334,11
1826,-0.31880066952932795,0.6073394085091033,11
1827,-0.31880066952932795,0.8573394085091033,10
1828,-0.31880066952932795,1.1073394085091033,12
1829,-0.31880066952932795,1.3573394085091033,12
1830,-0.31880066952932795,1.6073394085091033,12
1831,-0.31880066952932795,1.8573394085091033,12
1832,-0.31880066952932795,2.1073394085091035,11
1833,-0.2231298114380555,2.338309291636925,9
1834,-0.12745895334678303,2.5692791747647465,8
1835,-0.03178809525551057,2.800249057892568,8
1836,-0.03178809525551056,3.050249057892568,8
1837,-0.031788095255510546,3.300249057892568,7
1838,-0.03178809525551053,3.550249057892568,5
1839,-0.12745895334678298,3.7812189410203896,5
1840,0.012327309470503894,-4.02976075771126,2
1841,0.09690682504659703,-4.114340273287354,2
1842,0.27521589347100284,-4.114340273287354,3
1843,0.3708867515622753,-3.8833703901595324,3
1844,0.46655760965354776,-3.652400507031711,4
1845,0.5622284677448202,-3.4214306239038894,4
1846,0.6578993258360926,-3.190460740776068,4
1847,0.753570183927365,-2.9594908576482464,4
1848,0.8492410420186374,-2.728520974520425,5
1849,0.9174769683451106,-2.5637848757419617,5
1850,1.0131478264363831,-2.33281499261414,7
1851,1.177883925214846,-2.264579066287667,7
1852,1.177883925214846,-2.514579066287667,6
1853,1.177883925214846,-2.764579066287667,6
1854,1.093304409638753,-2.6799995507115737,6
1855,1.0087248940626599,-2.5954200351354806,7
1856,0.9581260090169733,-2.544821150089794,7
1857,0.8476175463780654,-2.499047046107758,7
1858,0.7371090837391575,-2.453272942125722,6
1859,0.6266006211002496,-2.407498838143686,6
1860,0.5583646947737763,-2.572234936922149,6
1861,0.5583646947737763,-2.322234936922149,6
1862,0.5583646947737763,-2.072234936922149,7
1863,0.6844482462037297,-1.9461513854921957,8
1864,0.8612249415003665,-1.769374690195559,8
1865,0.956895799591639,-1.5384048070677372,6
1866,0.956895799591639,-1.2884048070677372,7
1867,0.8612249415003665,-1.0574349239399154,9
1868,0.7351413900704131,-0.931351372509962,11
1869,0.7351413900704131,-0.681351372509962,11
1870,0.8612249415003665,-0.5552678210800086,11
1871,1.0259610402788297,-0.48703189475353537,11
1872,1.1520445917087831,-0.36094834332358194,11
1873,1.2181552209735145,-0.3335644240651106,11
1874,1.3027347365496076,-0.24898490848901744,11
1875,1.2181552209735145,-0.16440539291292428,11
1876,1.1335757053974214,-0.07982587733683111,11
1877,1.065339779070948,0.08491022144163196,11
1878,0.9971038527444748,0.24964632022009503,12
1879,0.9513297487624386,0.360154782859003,13
1880,1.1160658475409018,0.4283907091854763,13
1881,1.2421493989708552,0.5544742606154297,13
1882,1.2421493989708552,0.6260318900879969,12
1883,1.2421493989708552,0.6582447021094573,12
1884,1.2421493989708552,0.6904575141309177,12
1885,1.1739134726443818,0.8551936129093808,11
1886,0.9971367773477449,0.6784169176127439,11
1887,1.0928076354390173,0.4474470344849223,12
1888,1.0928076354390173,0.4474470344849223,9
1889,1.1610435617654906,0.6121831332633854,9
1890,1.229279488091964,0.7769192320418484,9
1891,1.229279488091964,0.9552283004662543,8
1892,1.313859003668057,1.0398078160423474,8
1893,1.2181881455767847,1.2707776991701691,8
1894,1.2181881455767847,1.5207776991701691,9
1895,1.2181881455767847,1.7707776991701691,9
1896,1.1225172874855123,2.0017475822979907,8
1897,1.0268464293942399,2.232717465425812,8
1898,0.9311755713029675,2.4636873485536337,7
1899,0.8355047132116951,2.694657231681455,6
1900,0.6587280179150582,2.871433926978092,6
1901,0.5630571598237858,3.1024038101059137,6
1902,0.3862804645271489,3.2791805054025507,6
1903,0.20950376923051206,3.4559572006991877,4
1904,0.11383291113923963,3.686927083827009,4
1905,-0.06294378415739724,3.863703779123646,5
1906,1.5308084989341915e-17,-3.75,1
1907,3.061616997868383e-17,-3.5,1
1908,4.592425496802574e-17,-3.25,1
1909,6.123233995736766e-17,-3.0,1
1910,-0.12608355142995337,-2.8739164485700464,1
1911,-0.2521671028599068,-2.7478328971400927,1
1912,-0.2521671028599068,-2.4978328971400927,2
1913,-0.2521671028599068,-2.3782193991134353,3
1914,-0.2398397933894029,-2.3484586414021744,3
1915,-0.3503482560283109,-2.3942327453842105,3
1916,-0.5286573244527166,-2.3942327453842105,4
1917,-0.6482708224793741,-2.3942327453842105,4
1918,-0.6482708224793741,-2.1442327453842105,6
1919,-0.8130069212578371,-2.075996819057737,8
1920,-0.989783616554474,-1.8992201237611002,8
1921,-1.0854544746457464,-1.6682502406332784,9
1922,-1.1811253327370188,-1.4372803575054567,9
1923,-1.3579020280336556,-1.2605036622088197,10
1924,-1.5346787233302925,-1.0837269669121827,11
1925,-1.630349581421565,-0.852757083784361,12
1926,-1.7260204395128373,-0.6217872006565393,12
1927,-1.630349581421565,-0.39081731752871757,11
1928,-1.5346787233302925,-0.15984743440089588,11
1929,-1.5346787233302925,0.09015256559910412,9
1930,-1.5346787233302925,0.3401525655991041,9
1931,-1.4390078652390201,0.5711224487269257,9
1932,-1.3433370071477477,0.8020923318547475,9
1933,-1.2476661490564753,1.0330622149825692,9
1934,-1.151995290965203,1.264032098110391,10
1935,-1.0563244328739305,1.4950019812382127,9
1936,-0.9606535747826581,1.7259718643660344,9
1937,-0.8649827166913857,1.9569417474938562,8
1938,-0.7693118586001133,2.1879116306216777,7
1939,-0.6736410005088409,2.4188815137494992,7
1940,-0.49686430521220404,2.595658209046136,7
1941,-0.4011934471209316,2.8266280921739577,6
1942,-0.3055225890296591,3.0575979753017792,6
1943,-0.20985173093838666,3.2885678584296008,6
1944,-0.1141808728471142,3.5195377415574223,4
1945,-0.01851001475584174,3.750507624685244,4
1946,-0.0505988850456866,-3.9494011149543136,3
1947,0.07548466638426685,-3.82331756352436,3
1948,0.07548466638426686,-3.57331756352436,4
1949,0.1437205927107401,-3.4085814647458967,5
1950,0.21195651903721338,-3.2438453659674336,6
1951,0.28019244536368665,-3.0791092671889704,6
1952,0.4062759967936401,-2.9530257157590167,7
1953,0.583052692090277,-2.7762490204623798,7
1954,0.7477887908687401,-2.7080130941359064,7
1955,0.7204048716102688,-2.6419024648711753,7
1956,0.6930209523517975,-2.575791835606444,7
1957,0.6930209523517975,-2.4561783375797868,7
1958,0.8191045037817509,-2.330094786149833,9
1959,0.8191045037817509,-2.508403854574239,9
1960,0.7733303997997147,-2.6189123172131468,9
1961,0.7275562958176786,-2.7294207798520547,7
1962,0.7275562958176786,-2.6098072818253972,8
1963,0.6429767802415853,-2.6943867974014903,8
1964,0.5768661509768541,-2.721770716659962,9
1965,0.46635768833794616,-2.6759966126779258,7
1966,0.381778172761853,-2.5914170971018327,6
1967,0.29719865718575983,-2.5068375815257395,6
1968,0.21261914160966666,-2.4222580659496464,6
1969,0.14438321528319342,-2.2575219671711833,7
1970,0.09860911130115729,-2.1470135045322754,7
1971,0.09860911130115729,-2.075455875059708,7
1972,0.12599303055962863,-2.009345245794977,7
1973,0.15337694981809996,-1.9432346165302457,7
1974,0.12599303055962865,-1.8771239872655143,7
1975,0.15337694981809996,-1.811013358000783,7
1976,0.15337694981809996,-1.7788005459793226,8
1977,0.16570425928860386,-1.7490397882680617,8
1978,0.16570425928860386,-1.7168269762466013,8
1979,0.21630314433429046,-1.6662280912009146,9
1980,0.23908104215575265,-1.6434501933794525,9
1981,0.2514083516262565,-1.6136894356681917,8
1982,0.2514083516262565,-1.5814766236467312,7
1983,0.23908104215575263,-1.5517158659354704,7
1984,0.18848215711006602,-1.5011169808897837,7
1985,0.15872139939880525,-1.4887896714192799,5
1986,0.13133748014033395,-1.4226790421545485,6
1987,0.08073859509464734,-1.3720801571088619,6
1988,-0.08399750368381573,-1.3038442307823885,7
1989,-0.2623065721082215,-1.3038442307823885,5
1990,-0.3883901235381749,-1.1777606793524351,5
1991,-0.6193600066659966,-1.0820898212611627,6
1992,-0.715030864757269,-0.851119938133341,5
1993,-0.715030864757269,-0.601119938133341,5
1994,-0.715030864757269,-0.35111993813334097,5
1995,-0.715030864757269,-0.10111993813334097,6
1996,-0.715030864757269,0.07718913029106483,7
1997,-0.6193600066659966,0.3081590134188865,8
1998,-0.5236891485747242,0.5391288965467083,7
1999,-0.4280182904834517,0.77009877967453,10
2000,-0.1780182904834517,0.77009877967453,8
2001,-0.08234743239217923,1.0010686628023517,7
2002,0.013323425699093228,1.2320385459301735,6
2003,0.013323425699093243,1.4820385459301735,7
2004,0.013323425699093259,1.7320385459301735,8
2005,0.013323425699093274,1.9820385459301735,8
2006,0.01332342569909329,2.2320385459301733,8
2007,0.013323425699093306,2.4820385459301733,5
2008,0.10899428379036577,2.7130084290579948,6
2009,0.10899428379036578,2.9630084290579948,4
2010,0.1089942837903658,3.2130084290579948,4
2011,0.10899428379036581,3.4630084290579948,3
2012,0.10899428379036583,3.7130084290579948,3
2013,0.10899428379036584,3.9630084290579948,2
2014,-0.23096988312782168,-3.9043291419087276,3
2015,-0.13529902503654923,-3.673359258780906,3
2016,-0.18107312901858535,-3.562850796141998,3
2017,-0.22684723300062148,-3.4523423335030903,2
2018,-0.22684723300062146,-3.2023423335030903,3
2019,-0.1586113066741482,-3.037606234724627,3
2020,-0.09037538034767492,-2.872870135946164,3
2021,0.0052954777435975375,-2.6419002528183424,4
2022,0.131379029173551,-2.515816701388389,5
2023,0.25746258060350447,-2.3897331499584356,6
2024,0.43423927590014133,-2.2129564546617986,7
2025,0.34965976032404816,-2.2975359702378917,7
2026,0.1728830650274113,-2.1207592749412547,7
2027,0.10677243576268006,-2.093375355682783,8
2028,-0.07000425953395681,-1.9165986603861462,10
2029,-0.09278215735541899,-1.9393765582076083,10
2030,-0.1433810424011056,-1.989975443253295,9
2031,-0.1939799274467922,-2.0405743282989817,8
2032,-0.2261927394682526,-2.0405743282989817,6
2033,-0.24897063728971477,-2.0177964304775196,6
2034,-0.42574733258635167,-1.8410197351808826,6
2035,-0.45796014460781204,-1.8410197351808826,6
2036,-0.5085590296534986,-1.8916186202265692,6
2037,-0.5931385452295919,-1.9761981358026623,6
2038,-0.5703606474081296,-1.9534202379812002,6
2039,-0.5197617623624431,-1.9028213529355136,6
2040,-0.5471456816209144,-1.8367107236707823,6
2041,-0.7239223769175512,-1.6599340283741453,7
2042,-0.7239223769175512,-1.4099340283741453,8
2043,-0.7239223769175512,-1.1599340283741453,8
2044,-0.7239223769175512,-0.9099340283741453,9
2045,-0.7115950674470474,-0.8801732706628845,8
2046,-0.7343729652685096,-0.9029511684843468,8
2047,-0.8189524808446028,-0.9875306840604399,7
2048,-0.9957291761412397,-0.810753988763803,8
2049,-1.063965102467713,-0.6460178899853399,7
2050,-1.1596359605589854,-0.41504800685751825,8
2051,-1.2553068186502578,-0.18407812372969656,7
2052,-1.2553068186502578,0.06592187627030344,8
2053,-1.2553068186502578,0.31592187627030344,7
2054,-1.2553068186502578,0.5659218762703034,7
2055,-1.3509776767415302,0.7968917593981251,8
2056,-1.3509776767415302,1.046891759398125,7
2057,-1.2553068186502578,1.2778616425259468,6
2058,-1.1596359605589854,1.5088315256537685,6
2059,-1.063965102467713,1.7398014087815903,8
2060,-0.9682942443764406,1.970771291909412,8
2061,-0.8726233862851682,2.2017411750372338,7
2062,-0.6958466909885314,2.3785178703338707,6
2063,-0.5190699956918945,2.5552945656305077,6
2064,-0.42339913760062203,2.7862644487583292,6
2065,-0.3277282795093496,3.0172343318861508,4
2066,-0.23205742141807711,3.2482042150139723,4
2067,-0.2320574214180771,3.4982042150139723,4
2068,-0.23205742141807706,3.7482042150139723,3
2069,-0.1363865633268046,3.979174098141794,2
2070,0.1767766952966369,-3.823223304703363,3
2071,0.3535533905932738,-3.646446609406726,3
2072,0.47316688861993117,-3.646446609406726,3
2073,0.5414028149464044,-3.481710510628263,3
2074,0.6370736730376769,-3.2507406275004413,3
2075,0.7327445311289493,-3.01977074437262,4
2076,0.7327445311289493,-2.9482131149000526,3
2077,0.705360611870478,-2.8821024856353215,3
2078,0.8821373071671149,-2.7053257903386845,3
2079,0.8821373071671149,-2.585712292312027,5
2080,1.0589140024637518,-2.40893559701539,6
2081,1.0886747601750126,-2.396608287544886,7
2082,1.0886747601750126,-2.2769947895182288,6
2083,1.0886747601750126,-2.5269947895182288,5
2084,1.0204388338485393,-2.691730888296692,4
2085,0.9746647298665031,-2.581222425657784,5
2086,0.9746647298665031,-2.331222425657784,6
2087,1.0204388338485393,-2.220713963018876,5
2088,1.0204388338485393,-2.0424048945944704,6
2089,1.0204388338485393,-1.8640958261700646,8
2090,1.0662129378305754,-1.7535873635311567,8
2091,1.1119870418126114,-1.6430789008922488,7
2092,1.1119870418126114,-1.6108660888707884,7
2093,1.1119870418126114,-1.6108660888707884,7
2094,1.0996597323421076,-1.6406268465820493,7
2095,1.0873324228716037,-1.6703876042933101,8
2096,1.0873324228716037,-1.4920785358689044,7
2097,1.114716342130075,-1.425967906604173,7
2098,1.199295857706168,-1.34138839102808,8
2099,1.2838753732822612,-1.2568088754519868,8
2100,1.2838753732822612,-1.1371953774253294,8
2101,1.2838753732822612,-0.8871953774253294,9
2102,1.1070986779856242,-0.7104186821286925,11
2103,1.0114278198943518,-0.47944879900087084,12
2104,0.9157569618030794,-0.24847891587304916,11
2105,0.9157569618030794,0.0015210841269508446,11
2106,0.9157569618030794,0.25152108412695084,11
2107,0.9157569618030794,0.5015210841269508,11
2108,0.9157569618030794,0.7515210841269508,12
2109,0.9157569618030794,1.0015210841269508,11
2110,0.9157569618030794,1.2515210841269508,11
2111,0.820086103711807,1.4824909672547726,11
2112,0.7244152456205346,1.7134608503825943,11
2113,0.6287443875292622,1.944430733510416,12
2114,0.5330735294379898,2.1754006166382376,12
2115,0.5330735294379898,2.4254006166382376,11
2116,0.4374026713467174,2.656370499766059,10
2117,0.341731813255445,2.8873403828938806,8
2118,0.24606095516417256,3.118310266021702,8
2119,0.15039009707290013,3.3492801491495237,6
2120,0.0547192389816277,3.580250032277345,6
2121,-0.04095161910964473,3.8112199154051667,5
2122,1.5308084989341915e-17,-3.75,1
2123,3.061616997868383e-17,-3.5,1
2124,4.592425496802574e-17,-3.25,1
2125,6.123233995736766e-17,-3.0,1
2126,7.654042494670958e-17,-2.75,2
2127,9.18485099360515e-17,-2.5,3
2128,6.987586681207687e-17,-2.6196134980266574,3
2129,-0.022777897821462115,-2.6423913958481196,4
2130,-0.04555579564292429,-2.6196134980266574,5
2131,-0.05788310511342818,-2.5898527403153966,5
2132,-0.1535539632047006,-2.358882857187575,6
2133,-0.22178988953117384,-2.194146758409112,10
2134,-0.26756399351321,-2.083638295770204,10
2135,-0.21696510846752337,-2.0330394107245175,11
2136,-0.23974300628898557,-2.0558173085459797,11
2137,-0.23974300628898557,-2.0558173085459797,11
2138,-0.23974300628898557,-2.0558173085459797,11
2139,-0.26252090411044776,-2.0785952063674418,10
2140,-0.4392975994070846,-1.9018185110708048,11
2141,-0.6160742947037214,-1.7250418157741678,11
2142,-0.7265827573426293,-1.770815919756204,11
2143,-0.8370912199815372,-1.81659002373824,10
2144,-0.8876901050272239,-1.8671889087839266,10
2145,-0.8876901050272239,-1.8349760967624662,9
2146,-0.8215794757624927,-1.807592177503995,9
2147,-0.8215794757624927,-1.8791498069765622,9
2148,-0.8489633950209641,-1.9452604362412935,9
2149,-0.8763473142794355,-2.0113710655060246,9
2150,-0.8763473142794355,-2.043583877527485,9
2151,-0.7116112155009724,-1.9753479512010115,9
2152,-0.6270316999248793,-1.8907684356249184,9
2153,-0.5764328148791926,-1.8401695505792317,9
2154,-0.5490488956207213,-1.7740589213145004,9
2155,-0.49845001057503474,-1.7234600362688137,9
2156,-0.4138704949989416,-1.6388805206927206,10
2157,-0.5095413530902142,-1.8698504038205424,10
2158,-0.2595413530902142,-1.8698504038205424,7
2159,-0.0095413530902142,-1.8698504038205424,7
2160,0.15519474568824887,-1.801614477494069,7
2161,0.27480824371490625,-1.801614477494069,7
2162,0.2474243244564349,-1.8677251067588003,7
2163,0.37350787588638834,-1.9938086581887537,8
2164,0.37350787588638834,-1.7438086581887537,9
2165,0.5382439746648514,-1.6755727318622804,9
2166,0.7029800734433145,-1.607336805535807,8
2167,0.7029800734433145,-1.357336805535807,8
2168,0.7029800734433145,-1.357336805535807,9
2169,0.5262033781466776,-1.18056011023917,8
2170,0.41569491550776966,-1.134786006257134,9
2171,0.2509588167293066,-1.0665500799306606,9
2172,0.1313453187026492,-1.0665500799306606,11
2173,0.035674460611376774,-0.8355801968028389,11
2174,-0.03256146571509648,-0.6708440980243758,11
2175,-0.032561465715096466,-0.42084409802437583,12
2176,-0.03256146571509645,-0.17084409802437583,11
2177,-0.03256146571509644,0.07915590197562417,11
2178,-0.032561465715096424,0.32915590197562417,10
2179,-0.03256146571509641,0.5791559019756242,11
2180,-0.0325614657150964,0.8291559019756242,11
2181,0.06310939237617606,1.0601257851034458,10
2182,0.06310939237617608,1.3101257851034458,8
2183,0.06310939237617609,1.5601257851034458,6
2184,0.0631093923761761,1.8101257851034458,7
2185,0.06310939237617612,2.0601257851034456,7
2186,0.06310939237617613,2.3101257851034456,7
2187,0.06310939237617615,2.5601257851034456,7
2188,-0.032561465715096286,2.791095668231267,7
2189,-0.03256146571509627,3.041095668231267,6
2190,-0.03256146571509626,3.291095668231267,5
2191,-0.032561465715096244,3.541095668231267,4
2192,-0.03256146571509623,3.791095668231267,4
2193,0.1767766952966369,-3.823223304703363,3
2194,0.24501262162311016,-3.6584872059249,3
2195,0.3406834797143826,-3.4275173227970783,4
2196,0.3406834797143826,-3.1775173227970783,4
2197,0.2949093757323465,-3.0670088601581704,5
2198,0.3406834797143826,-2.9565003975192625,5
2199,0.3406834797143826,-2.836886899492605,6
2200,0.3406834797143826,-2.7172734014659476,6
2201,0.3406834797143826,-2.6457157719933804,6
2202,0.4511919423532906,-2.5999416680113443,7
2203,0.5617004049921985,-2.5541675640293082,7
2204,0.5617004049921985,-2.434554066002651,8
2205,0.4934644786657253,-2.2698179672241876,10
2206,0.5208483979241966,-2.2037073379594565,10
2207,0.49108764021293577,-2.1913800284889526,11
2208,0.4787603307424319,-2.161619270777692,10
2209,0.5061442500009032,-2.0955086415129607,10
2210,0.5335281692593745,-2.0293980122482296,10
2211,0.5609120885178458,-1.9632873829834983,10
2212,0.5882960077763171,-1.897176753718767,9
2213,0.6006233172468209,-1.867415996007506,9
2214,0.5548492132647848,-1.977924458646414,8
2215,0.5042503282190981,-2.0285233436921004,8
2216,0.5316342474775694,-1.962412714427369,8
2217,0.5316342474775694,-1.7841036460029633,8
2218,0.5774083514596056,-1.6735951833640554,9
2219,0.5774083514596056,-1.4952861149396497,10
2220,0.5316342474775694,-1.3847776523007418,10
2221,0.5316342474775694,-1.206468583876336,9
2222,0.6577177989075228,-1.0803850324463826,11
2223,0.5894818725810496,-0.9156489336679196,11
2224,0.7542179713595126,-0.8474130073414463,9
2225,0.9189540701379757,-0.7791770810149731,11
2226,0.9189540701379757,-0.7791770810149731,11
2227,0.8507181438115025,-0.61444098223651,9
2228,0.8001192587658159,-0.5638420971908233,9
2229,0.787791949295312,-0.5340813394795626,9
2230,0.6921210912040396,-0.3031114563517409,8
2231,0.5964502331127672,-0.07214157322391923,9
2232,0.528214306786294,0.09259452555454384,9
2233,0.528214306786294,0.34259452555454384,10
2234,0.528214306786294,0.5209035939789497,11
2235,0.528214306786294,0.6992126624033554,10
2236,0.4325434486950214,0.4682427792755338,10
2237,0.2557667533983845,0.29146608397889695,8
2238,0.18753082707191127,0.45620218275736,8
2239,0.25576675339838456,0.29146608397889695,9
2240,0.25576675339838456,0.46977515240330275,9
2241,0.2557667533983845,0.21977515240330275,8
2242,0.13615325537172712,0.21977515240330278,7
2243,0.13615325537172712,0.21977515240330278,6
2244,0.06791732904525387,0.3845112511817659,5
2245,0.06791732904525388,0.6345112511817659,5
2246,0.0679173290452539,0.8845112511817659,5
2247,0.06791732904525391,1.1345112511817659,6
2248,0.06791732904525392,1.3845112511817659,7
2249,0.06791732904525394,1.6345112511817659,7
2250,0.06791732904525395,1.8845112511817659,5
2251,0.06791732904525397,2.134511251181766,4
2252,0.06791732904525397,2.134511251181766,5
2253,0.06791732904525398,2.384511251181766,4
2254,0.067917329045254,2.634511251181766,5
2255,0.16358818713652645,2.8654811343095874,5
2256,0.16358818713652648,3.1154811343095874,4
2257,0.1635881871365265,3.3654811343095874,3
2258,0.06791732904525408,3.596451017437409,3
2259,-0.10885936625138279,3.773227712734046,3
2260,-0.022777897821462178,-3.977222102178538,3
2261,-0.02277789782146217,-3.8576086041518804,3
2262,-0.022777897821462164,-3.737995106125223,4
2263,0.0454580285050111,-3.57325900734676,4
2264,0.11369395483148437,-3.4085229085682966,4
2265,0.11369395483148438,-3.230213840143891,4
2266,0.1136939548314844,-3.051904771719485,4
2267,0.20936481292275685,-2.8209348885916636,5
2268,0.255138916904793,-2.7104264259527557,6
2269,0.3212495461695243,-2.6830425066942842,6
2270,0.3894854724959975,-2.518306407915821,8
2271,0.45772139882247076,-2.353570309137358,9
2272,0.3731418832463776,-2.438149824713451,9
2273,0.30490595691990424,-2.602885923491914,9
2274,0.25913185293786806,-2.713394386130822,7
2275,0.1745523373617749,-2.628814870554729,7
2276,0.08997282178568174,-2.544235354978636,8
2277,0.06258890252721042,-2.4781247257139047,8
2278,0.13082482885368368,-2.3133886269354416,8
2279,0.21540434442977685,-2.2288091113593484,8
2280,0.1492937151650456,-2.201425192100877,8
2281,0.098694830119359,-2.1508263070551905,6
2282,0.05292072613732287,-2.0403178444162826,6
2283,0.052920726137322883,-1.8620087759918769,7
2284,0.0529207261373229,-1.6836997075674711,8
2285,0.05292072613732291,-1.5053906391430654,8
2286,-0.04275013195394952,-1.2744207560152436,8
2287,-0.042750131953949506,-1.0244207560152436,10
2288,-0.04275013195394949,-0.7744207560152436,11
2289,-0.04275013195394948,-0.5244207560152436,10
2290,-0.07013405121242079,-0.4583101267505124,10
2291,-0.004023421947689551,-0.4309262074920411,10
2292,0.10648504069121839,-0.38515210351000495,9
2293,0.22609853871787577,-0.38515210351000495,11
2294,0.1415190231417826,-0.3005725879339118,11
2295,0.031010560502874665,-0.25479848395187565,11
2296,0.03101056050287468,-0.004798483951875654,11
2297,-0.199959322624947,0.09087237413939682,11
2298,-0.19995932262494698,0.3408723741393968,10
2299,-0.2681952489514202,0.5056084729178598,8
2300,-0.2681952489514202,0.7556084729178598,7
2301,-0.2681952489514202,1.0056084729178598,8
2302,-0.2681952489514202,1.2556084729178598,9
2303,-0.2681952489514202,1.2556084729178598,9
2304,-0.2681952489514202,1.4339175413422656,7
2305,-0.17252439086014776,1.6648874244700873,9
2306,-0.17252439086014773,1.9148874244700873,8
2307,-0.1725243908601477,2.1648874244700873,8
2308,-0.1725243908601477,2.343196492894493,9
2309,-0.1725243908601477,2.521505561318899,9
2310,-0.07685353276887524,2.7524754444467203,9
2311,-0.07685353276887523,3.0024754444467203,7
2312,-0.07685353276887522,3.2524754444467203,6
2313,-0.0768535327688752,3.5024754444467203,5
2314,-0.07685353276887519,3.7524754444467203,5
2315,-0.02976075771126078,-3.987672690529496,2
2316,-0.05952151542252156,-3.9753453810589923,2
2317,0.11725517987411532,-3.7985686857623553,2
2318,0.11725517987411534,-3.5485686857623553,2
2319,0.11725517987411535,-3.2985686857623553,4
2320,0.11725517987411536,-3.0485686857623553,4
2321,0.11725517987411538,-2.7985686857623553,3
2322,0.11725517987411536,-2.8701263152349226,3
2323,0.1833658091388466,-2.842742395976451,4
2324,0.25160173546531983,-2.678006297197988,5
2325,0.3472725935565923,-2.4470364140701664,7
2326,0.45778105619550025,-2.4012623100881303,7
2327,0.45778105619550025,-2.329704680615563,8
2328,0.5035551601775364,-2.219196217976655,8
2329,0.49122785070703257,-2.1894354602653943,8
2330,0.4066483351309394,-2.2740149758414874,7
2331,0.29613987249203144,-2.3197890798235234,7
2332,0.17005632106207802,-2.19370552839357,7
2333,0.0439727696321246,-2.067621976963616,8
2334,0.016588850373653284,-2.001511347698885,9
2335,-0.05164707595281997,-1.8367752489204219,10
2336,-0.11988300227929322,-1.6720391501419587,11
2337,-0.009374539640385274,-1.6262650461599226,11
2338,0.10113392299852267,-1.5804909421778865,12
2339,0.22074742102518005,-1.5804909421778865,12
2340,0.3403609190518374,-1.5804909421778865,11
2341,0.4599744170784948,-1.5804909421778865,11
2342,0.4599744170784948,-1.5804909421778865,10
2343,0.48275231489995696,-1.6032688399993487,10
2344,0.64748841367842,-1.5350329136728753,8
2345,0.8257974821028258,-1.5350329136728753,7
2346,0.9905335808812888,-1.466796987346402,7
2347,1.1166171323112424,-1.3407134359164485,8
2348,1.2122879904025148,-1.1097435527886268,7
2349,1.3383715418324682,-0.9836600013586734,7
2350,1.2427006837411958,-0.7526901182308516,8
2351,1.1470298256499234,-0.5217202351030299,11
2352,0.9822937268714603,-0.4534843087765566,10
2353,0.8866228687801879,-0.22251442564873491,10
2354,0.7909520106889155,0.00845545747908677,10
2355,0.6952811525976431,0.23942534060690845,10
2356,0.6952811525976431,0.48942534060690845,10
2357,0.5996102945063707,0.7203952237347302,9
2358,0.5039394364150983,0.9513651068625519,10
2359,0.43570351008862507,1.116101205641015,10
2360,0.43570351008862507,1.366101205641015,9
2361,0.43570351008862507,1.4376588351135822,9
2362,0.34003265199735266,1.668628718241404,8
2363,0.24436179390608023,1.8995986013692256,8
2364,0.24436179390608026,2.1495986013692256,10
2365,0.2443617939060803,2.3995986013692256,9
2366,0.24436179390608032,2.6495986013692256,7
2367,0.24436179390608034,2.8995986013692256,8
2368,0.24436179390608037,3.1495986013692256,7
2369,0.14869093581480794,3.380568484497047,5
2370,0.05302007772353551,3.6115383676248687,5
2371,-0.042650780367736923,3.84250825075269,5
2372,0.04577410398203615,-3.889491537361092,2
2373,0.0915482079640723,-3.778983074722184,2
2374,0.18721906605534477,-3.5480131915943627,2
2375,0.36399576135198164,-3.3712364962977257,3
2376,0.40976986533401777,-3.260728033658818,3
2377,0.40976986533401777,-3.010728033658818,3
2378,0.35917098028833117,-3.0613269187045042,3
2379,0.35917098028833117,-2.8113269187045042,3
2380,0.30857209524264456,-2.8619258037501907,4
2381,0.30857209524264456,-2.6119258037501907,5
2382,0.47330819402110763,-2.5436898774237173,6
2383,0.5415441203475809,-2.378953778645254,8
2384,0.6076547496123121,-2.3515698593867826,9
2385,0.7723908483907752,-2.2833339330603093,9
2386,0.8181649523728114,-2.1728254704214014,9
2387,0.9829010511512745,-2.104589544094928,9
2388,1.108984602581228,-1.9785059926649746,9
2389,1.108984602581228,-1.9069483631924073,9
2390,1.108984602581228,-1.83539073371984,10
2391,1.193564118157321,-1.750811218143747,10
2392,1.3196476695872745,-1.6247276667137935,10
2393,1.445731221017228,-1.4986441152838401,11
2394,1.491505324999264,-1.3881356526449322,11
2395,1.6562414237777272,-1.3198997263184589,11
2396,1.7758549218043846,-1.3198997263184589,10
2397,1.8863633844432925,-1.2741256223364228,9
2398,2.0510994832217557,-1.2058896960099494,9
2399,2.2294085516461615,-1.2058896960099494,8
2400,2.2294085516461615,-1.3255031940366069,9
2401,2.2294085516461615,-1.4451166920632643,9
2402,2.20202463238769,-1.5112273213279956,9
2403,2.117445116811597,-1.5958068369040888,8
2404,2.0328656012355037,-1.6803863524801819,8
2405,1.9223571385965958,-1.726160456462218,7
2406,1.8027436405699384,-1.726160456462218,8
2407,1.6922351779310305,-1.6803863524801819,8
2408,1.566151626501077,-1.5543028010502284,10
2409,1.5155527414553904,-1.5037039160045418,10
2410,1.4927748436339283,-1.4809260181830797,8
2411,1.6188583950638817,-1.3548424667531263,7
2412,1.7956350903605187,-1.1780657714564895,7
2413,1.9724117856571557,-1.0012890761598525,7
2414,2.1491884809537924,-0.8245123808632157,6
2415,2.3259651762504294,-0.6477356855665788,6
2416,2.199881624820476,-0.7738192369965322,6
2417,2.023104929523839,-0.5970425416998953,7
2418,2.199881624820476,-0.4202658464032585,5
2419,2.023104929523839,-0.2434891511066216,5
2420,1.9274340714325664,-0.012519267978799903,5
2421,1.7506573761359294,0.164257427317837,4
2422,1.5738806808392924,0.34103412261447386,6
2423,1.5232817957936058,0.39163300766016046,6
2424,1.4517241663210385,0.39163300766016046,5
2425,1.356053308229766,0.6226028907879821,6
2426,1.2603824501384937,0.8535727739158039,5
2427,1.2603824501384937,0.7339592758891464,5
2428,1.2831603479599558,0.7111813780676842,4
2429,1.2954876574304597,0.6814206203564235,5
2430,1.2954876574304597,0.649207808334963,5
2431,1.1694041060005063,0.7752913597649165,7
2432,1.0737332479092339,1.0062612428927382,8
2433,0.9780623898179615,1.23723112602056,4
2434,0.882391531726689,1.4682010091483817,5
2435,0.7867206736354166,1.6991708922762034,5
2436,0.6910498155441442,1.9301407754040252,4
2437,0.5953789574528718,2.1611106585318467,5
2438,0.49970809936159943,2.392080541659668,6
2439,0.49970809936159943,2.642080541659668,6
2440,0.49970809936159943,2.892080541659668,6
2441,0.40403724127032703,3.1230504247874897,7
2442,0.3083663831790546,3.3540203079153112,6
2443,0.2126955250877822,3.5849901910431328,5
2444,0.03591882979114533,3.7617668863397697,4
