,local_ppl_cnt,vx,vy
0,1,-0.7071067811865475,0.7071067811865476
1,1,-0.7071067811865475,0.7071067811865476
2,2,0.5043342057198138,0.5043342057198137
3,3,-0.7071067811865475,0.7071067811865476
4,3,0.04930923788201556,0.11904303084504313
5,4,0.5043342057198138,0.5043342057198137
6,4,0.04930923788201556,0.11904303084504313
7,4,-1.3101937794293696e-16,-0.7132362736976232
8,4,-8.789057249589852e-17,-0.47845399210662953
9,5,0.18309641592814466,-0.4420338505556317
10,6,0.5043342057198138,0.5043342057198137
11,5,0.1190430308450431,-0.04930923788201563
12,5,0.27294370530589307,0.6589443951138523
13,5,-0.3383180623043727,-0.3383180623043726
14,7,4.367312598097899e-17,0.7132362736976232
15,8,-0.272943705305893,0.6589443951138523
16,8,-0.5043342057198137,0.5043342057198138
17,8,-0.3383180623043727,-0.3383180623043726
18,7,-0.272943705305893,0.6589443951138523
19,9,-0.272943705305893,0.6589443951138523
20,9,-0.3383180623043726,0.33831806230437267
21,10,1.752656437763034e-17,0.2862305178902687
22,10,0.10953567703388528,0.26444251705892496
23,11,0.10953567703388528,0.26444251705892496
24,11,1.752656437763034e-17,0.2862305178902687
25,11,-0.04930923788201554,0.11904303084504313
26,11,-0.04930923788201554,0.11904303084504313
27,11,-0.09111159128584871,0.09111159128584873
28,10,-0.44203385055563177,0.18309641592814463
29,9,-0.44203385055563177,0.18309641592814463
30,10,-0.04930923788201554,0.11904303084504313
31,10,7.88986342672337e-18,0.12885124808584156
32,12,0.20239554018274641,0.2023955401827464
33,11,0.04930923788201556,0.11904303084504313
34,11,7.88986342672337e-18,0.12885124808584156
35,12,-0.09111159128584874,-0.09111159128584871
36,11,0.0,0.0
37,10,7.88986342672337e-18,0.12885124808584156
38,9,0.11904303084504313,0.04930923788201555
39,8,0.26444251705892496,0.10953567703388527
40,7,0.11904303084504313,0.04930923788201555
41,9,0.26444251705892496,0.10953567703388527
42,10,0.2862305178902687,0.0
43,10,0.44203385055563177,0.18309641592814457
44,10,-0.3826834323650897,0.9238795325112867
45,9,0.5043342057198138,0.5043342057198137
46,9,0.38268343236508984,0.9238795325112867
47,10,6.123233995736766e-17,1.0
48,9,6.123233995736766e-17,1.0
49,9,6.123233995736766e-17,1.0
50,9,6.123233995736766e-17,1.0
51,9,6.123233995736766e-17,1.0
52,8,6.123233995736766e-17,1.0
53,8,6.123233995736766e-17,1.0
54,8,6.123233995736766e-17,1.0
55,9,0.38268343236508984,0.9238795325112867
56,9,6.123233995736766e-17,1.0
57,9,6.123233995736766e-17,1.0
58,11,6.123233995736766e-17,1.0
59,10,6.123233995736766e-17,1.0
60,10,0.38268343236508984,0.9238795325112867
61,9,0.38268343236508984,0.9238795325112867
62,9,0.38268343236508984,0.9238795325112867
63,9,6.123233995736766e-17,1.0
64,9,6.123233995736766e-17,1.0
65,6,6.123233995736766e-17,1.0
66,4,0.5043342057198138,0.5043342057198137
67,5,-0.3826834323650897,0.9238795325112867
68,2,0.27294370530589307,0.6589443951138523
69,2,0.27294370530589307,0.6589443951138523
70,3,0.1830964159281446,0.44203385055563177
71,3,0.1830964159281446,0.44203385055563177
72,3,-0.4420338505556318,-0.18309641592814452
73,3,-0.47845399210662953,5.859371499726569e-17
74,5,-0.4420338505556318,-0.18309641592814452
75,5,-0.20239554018274647,-0.2023955401827464
76,5,-0.10953567703388542,-0.2644425170589249
77,5,-0.10953567703388542,-0.2644425170589249
78,6,-0.272943705305893,0.6589443951138523
79,6,-0.10953567703388542,-0.2644425170589249
80,6,-0.272943705305893,0.6589443951138523
81,6,-0.272943705305893,0.6589443951138523
82,8,-0.7071067811865475,0.7071067811865476
83,7,-0.7071067811865475,0.7071067811865476
84,7,-0.3383180623043727,-0.3383180623043726
85,8,-0.3826834323650897,0.9238795325112867
86,9,-0.7071067811865475,0.7071067811865476
87,9,-0.3826834323650897,0.9238795325112867
88,10,-0.3826834323650897,0.9238795325112867
89,10,-0.7071067811865475,0.7071067811865476
90,10,-0.7071067811865475,0.7071067811865476
91,10,-0.26444251705892496,0.1095356770338853
92,11,-0.2023955401827464,0.20239554018274641
93,11,-0.10953567703388525,0.26444251705892496
94,12,-0.10953567703388525,0.26444251705892496
95,12,1.752656437763034e-17,0.2862305178902687
96,13,1.752656437763034e-17,0.2862305178902687
97,12,1.752656437763034e-17,0.2862305178902687
98,12,7.88986342672337e-18,0.12885124808584156
99,12,7.88986342672337e-18,0.12885124808584156
100,13,-0.7071067811865475,0.7071067811865476
101,14,-0.3826834323650897,0.9238795325112867
102,13,-0.7071067811865475,0.7071067811865476
103,12,6.123233995736766e-17,1.0
104,11,0.38268343236508984,0.9238795325112867
105,13,6.123233995736766e-17,1.0
106,14,6.123233995736766e-17,1.0
107,14,4.367312598097899e-17,0.7132362736976232
108,14,0.27294370530589307,0.6589443951138523
109,14,0.7132362736976232,0.0
110,15,0.7071067811865476,0.7071067811865475
111,15,0.38268343236508984,0.9238795325112867
112,15,0.0,0.0
113,15,0.7132362736976232,0.0
114,14,0.9238795325112867,0.3826834323650898
115,14,0.7071067811865476,0.7071067811865475
116,14,0.38268343236508984,0.9238795325112867
117,14,0.38268343236508984,0.9238795325112867
118,14,0.38268343236508984,0.9238795325112867
119,13,0.38268343236508984,0.9238795325112867
120,11,0.38268343236508984,0.9238795325112867
121,12,0.7071067811865476,0.7071067811865475
122,11,0.38268343236508984,0.9238795325112867
123,9,0.38268343236508984,0.9238795325112867
124,8,0.38268343236508984,0.9238795325112867
125,5,6.123233995736766e-17,1.0
126,4,6.123233995736766e-17,1.0
127,4,-0.4420338505556318,-0.18309641592814452
128,4,0.18309641592814466,-0.4420338505556317
129,4,0.44203385055563166,-0.18309641592814485
130,4,0.6589443951138523,0.27294370530589307
131,5,0.5043342057198138,0.5043342057198137
132,5,0.5043342057198138,0.5043342057198137
133,5,0.27294370530589307,0.6589443951138523
134,5,4.367312598097899e-17,0.7132362736976232
135,5,4.367312598097899e-17,0.7132362736976232
136,5,-0.3383180623043727,-0.3383180623043726
137,5,0.27294370530589307,0.6589443951138523
138,5,-0.3383180623043727,-0.3383180623043726
139,5,-0.6589443951138523,0.2729437053058931
140,5,-0.3383180623043727,-0.3383180623043726
141,7,0.38268343236508984,0.9238795325112867
142,7,-0.3383180623043727,-0.3383180623043726
143,7,0.38268343236508984,0.9238795325112867
144,7,-0.27294370530589346,-0.6589443951138522
145,8,6.123233995736766e-17,1.0
146,8,0.38268343236508984,0.9238795325112867
147,8,-0.27294370530589346,-0.6589443951138522
148,11,4.367312598097899e-17,0.7132362736976232
149,11,2.9296857498632844e-17,0.47845399210662953
150,11,-0.3383180623043726,0.33831806230437267
151,11,-0.27294370530589346,-0.6589443951138522
152,9,2.9296857498632844e-17,0.47845399210662953
153,10,2.9296857498632844e-17,0.47845399210662953
154,10,2.9296857498632844e-17,0.47845399210662953
155,11,0.1830964159281446,0.44203385055563177
156,12,0.10953567703388528,0.26444251705892496
157,13,0.10953567703388528,0.26444251705892496
158,13,0.10953567703388528,0.26444251705892496
159,13,0.10953567703388528,0.26444251705892496
160,14,0.10953567703388528,0.26444251705892496
161,15,4.367312598097899e-17,0.7132362736976232
162,15,0.09111159128584873,0.09111159128584871
163,14,0.10953567703388528,0.26444251705892496
164,13,0.09111159128584873,0.09111159128584871
165,12,0.09111159128584873,0.09111159128584871
166,12,0.5043342057198138,0.5043342057198137
167,10,0.0,0.0
168,10,-0.049309237882015626,-0.1190430308450431
169,10,-1.8369701987210297e-16,-1.0
170,9,6.123233995736766e-17,1.0
171,9,0.9238795325112867,0.3826834323650898
172,9,0.7071067811865476,0.7071067811865475
173,10,0.7071067811865476,0.7071067811865475
174,10,0.38268343236508984,0.9238795325112867
175,8,6.123233995736766e-17,1.0
176,9,-0.6589443951138523,0.2729437053058931
177,8,-0.7071067811865475,0.7071067811865476
178,8,-0.3826834323650897,0.9238795325112867
179,10,7.88986342672337e-18,0.12885124808584156
180,11,-0.272943705305893,0.6589443951138523
181,11,-0.272943705305893,0.6589443951138523
182,13,-0.3826834323650897,0.9238795325112867
183,12,0.38268343236508984,0.9238795325112867
184,13,0.38268343236508984,0.9238795325112867
185,11,0.38268343236508984,0.9238795325112867
186,13,0.7071067811865476,0.7071067811865475
187,13,6.123233995736766e-17,1.0
188,13,-0.3826834323650897,0.9238795325112867
189,13,-0.3826834323650897,0.9238795325112867
190,12,-0.3826834323650897,0.9238795325112867
191,11,-0.3826834323650897,0.9238795325112867
192,11,-0.3826834323650897,0.9238795325112867
193,10,-0.3826834323650897,0.9238795325112867
194,8,-0.3826834323650897,0.9238795325112867
195,6,-0.3826834323650897,0.9238795325112867
196,4,-0.7071067811865475,0.7071067811865476
197,4,-0.5043342057198137,0.5043342057198138
198,3,6.123233995736766e-17,1.0
199,3,1.752656437763034e-17,0.2862305178902687
200,3,-0.2862305178902687,3.505312875526068e-17
201,3,0.10953567703388528,0.26444251705892496
202,4,0.5043342057198138,0.5043342057198137
203,4,-0.3383180623043727,-0.3383180623043726
204,4,-0.27294370530589346,-0.6589443951138522
205,4,-0.3383180623043727,-0.3383180623043726
206,4,-0.26444251705892496,0.1095356770338853
207,4,-0.2023955401827464,0.20239554018274641
208,5,-0.2023955401827464,0.20239554018274641
209,5,-0.18309641592814455,0.44203385055563177
210,5,-0.3383180623043726,0.33831806230437267
211,5,-0.18309641592814455,0.44203385055563177
212,6,-0.7071067811865475,0.7071067811865476
213,8,-0.3826834323650897,0.9238795325112867
214,8,-0.3826834323650897,0.9238795325112867
215,8,-0.7071067811865475,0.7071067811865476
216,6,-0.3826834323650897,0.9238795325112867
217,13,-0.3826834323650897,0.9238795325112867
218,13,-0.7071067811865475,0.7071067811865476
219,13,-0.7071067811865475,0.7071067811865476
220,14,-0.3826834323650897,0.9238795325112867
221,14,-0.2023955401827464,0.20239554018274641
222,15,-0.3826834323650897,0.9238795325112867
223,15,-0.7071067811865475,0.7071067811865476
224,13,-0.7071067811865475,0.7071067811865476
225,13,-0.3826834323650897,0.9238795325112867
226,13,-0.3826834323650897,0.9238795325112867
227,13,-0.3826834323650897,0.9238795325112867
228,12,6.123233995736766e-17,1.0
229,12,-0.3826834323650897,0.9238795325112867
230,12,6.123233995736766e-17,1.0
231,12,0.2862305178902687,0.0
232,13,0.44203385055563166,-0.18309641592814485
233,14,0.2862305178902687,0.0
234,15,0.26444251705892496,0.10953567703388527
235,14,0.26444251705892496,0.10953567703388527
236,14,0.26444251705892496,0.10953567703388527
237,14,0.20239554018274641,0.2023955401827464
238,14,0.38268343236508984,0.9238795325112867
239,14,0.38268343236508984,0.9238795325112867
240,13,0.38268343236508984,0.9238795325112867
241,12,0.7071067811865476,0.7071067811865475
242,12,0.7071067811865476,0.7071067811865475
243,12,0.7071067811865476,0.7071067811865475
244,12,0.7071067811865476,0.7071067811865475
245,11,0.7071067811865476,0.7071067811865475
246,11,0.7071067811865476,0.7071067811865475
247,10,0.38268343236508984,0.9238795325112867
248,9,0.38268343236508984,0.9238795325112867
249,8,0.7071067811865476,0.7071067811865475
250,7,0.38268343236508984,0.9238795325112867
251,4,0.38268343236508984,0.9238795325112867
252,3,0.38268343236508984,0.9238795325112867
253,1,0.1830964159281446,0.44203385055563177
254,1,-0.26444251705892496,0.1095356770338853
255,1,-0.11904303084504313,0.049309237882015564
256,1,0.5043342057198138,0.5043342057198137
257,2,0.5043342057198138,0.5043342057198137
258,2,-0.5043342057198139,-0.5043342057198137
259,2,-0.3383180623043727,-0.3383180623043726
260,4,-0.2862305178902687,3.505312875526068e-17
261,4,2.9296857498632844e-17,0.47845399210662953
262,4,-0.10953567703388525,0.26444251705892496
263,4,-0.18309641592814455,0.44203385055563177
264,3,-0.18309641592814455,0.44203385055563177
265,3,-0.272943705305893,0.6589443951138523
266,6,-0.7071067811865475,0.7071067811865476
267,6,-0.3826834323650897,0.9238795325112867
268,6,-0.7071067811865475,0.7071067811865476
269,5,-0.5043342057198139,-0.5043342057198137
270,8,-0.7071067811865475,0.7071067811865476
271,11,-0.7071067811865475,0.7071067811865476
272,11,-0.6589443951138523,0.2729437053058931
273,11,-0.9238795325112867,0.3826834323650899
274,11,-0.7071067811865475,0.7071067811865476
275,14,6.123233995736766e-17,1.0
276,14,6.123233995736766e-17,1.0
277,16,6.123233995736766e-17,1.0
278,16,-0.3826834323650897,0.9238795325112867
279,14,-0.3826834323650897,0.9238795325112867
280,14,-0.3826834323650897,0.9238795325112867
281,14,-0.3826834323650897,0.9238795325112867
282,13,-0.3826834323650897,0.9238795325112867
283,12,-0.7071067811865475,0.7071067811865476
284,10,-0.3826834323650897,0.9238795325112867
285,10,-0.3826834323650897,0.9238795325112867
286,8,-0.3826834323650897,0.9238795325112867
287,8,-0.7071067811865475,0.7071067811865476
288,7,-0.3826834323650897,0.9238795325112867
289,7,-0.7071067811865475,0.7071067811865476
290,6,-0.7071067811865475,0.7071067811865476
291,7,6.123233995736766e-17,1.0
292,6,0.38268343236508984,0.9238795325112867
293,6,0.9238795325112867,0.3826834323650898
294,7,0.9238795325112867,0.3826834323650898
295,8,1.0,0.0
296,8,0.7071067811865476,0.7071067811865475
297,7,0.9238795325112867,0.3826834323650898
298,8,0.7071067811865476,0.7071067811865475
299,8,0.9238795325112867,0.3826834323650898
300,6,0.9238795325112867,0.3826834323650898
301,8,0.7071067811865476,0.7071067811865475
302,6,0.7071067811865476,0.7071067811865475
303,6,0.7071067811865476,0.7071067811865475
304,6,0.7071067811865476,0.7071067811865475
305,5,0.9238795325112867,0.3826834323650898
306,5,0.7071067811865476,0.7071067811865475
307,5,0.7071067811865476,0.7071067811865475
308,3,-0.2023955401827464,0.20239554018274641
309,3,-0.5043342057198137,0.5043342057198138
310,3,1.752656437763034e-17,0.2862305178902687
311,2,-0.2023955401827464,0.20239554018274641
312,2,0.10953567703388528,0.26444251705892496
313,3,-0.7071067811865475,0.7071067811865476
314,3,0.10953567703388528,0.26444251705892496
315,5,-0.7071067811865475,0.7071067811865476
316,6,-0.2023955401827464,0.20239554018274641
317,5,-0.5043342057198137,0.5043342057198138
318,7,1.752656437763034e-17,0.2862305178902687
319,8,1.752656437763034e-17,0.2862305178902687
320,8,1.752656437763034e-17,0.2862305178902687
321,8,0.10953567703388528,0.26444251705892496
322,8,0.09111159128584873,0.09111159128584871
323,8,0.26444251705892496,0.10953567703388527
324,7,0.2862305178902687,0.0
325,10,0.33831806230437267,0.3383180623043726
326,10,0.2862305178902687,0.0
327,10,0.2862305178902687,0.0
328,10,0.18309641592814466,-0.4420338505556317
329,10,-0.27294370530589346,-0.6589443951138522
330,10,-0.20239554018274647,-0.2023955401827464
331,10,-0.26444251705892496,-0.10953567703388524
332,10,-0.2023955401827464,0.20239554018274641
333,10,-0.10953567703388525,0.26444251705892496
334,11,-0.10953567703388525,0.26444251705892496
335,11,1.752656437763034e-17,0.2862305178902687
336,11,1.752656437763034e-17,0.2862305178902687
337,9,0.10953567703388528,0.26444251705892496
338,9,-0.10953567703388525,0.26444251705892496
339,9,1.752656437763034e-17,0.2862305178902687
340,8,0.10953567703388528,0.26444251705892496
341,9,2.9296857498632844e-17,0.47845399210662953
342,9,0.1830964159281446,0.44203385055563177
343,12,0.33831806230437267,0.3383180623043726
344,13,0.33831806230437267,0.3383180623043726
345,13,0.47845399210662953,0.0
346,13,0.6589443951138523,0.27294370530589307
347,14,0.5043342057198138,0.5043342057198137
348,14,0.5043342057198138,0.5043342057198137
349,14,0.33831806230437267,0.3383180623043726
350,14,0.33831806230437267,0.3383180623043726
351,13,0.33831806230437267,0.3383180623043726
352,14,6.123233995736766e-17,1.0
353,15,0.38268343236508984,0.9238795325112867
354,15,-0.09111159128584874,-0.09111159128584871
355,14,-1.8369701987210297e-16,-1.0
356,12,0.20239554018274641,0.2023955401827464
357,12,0.1190430308450431,-0.04930923788201563
358,12,-0.7132362736976232,8.734625196195798e-17
359,10,-0.3826834323650897,0.9238795325112867
360,10,0.9238795325112867,0.3826834323650898
361,11,0.9238795325112867,0.3826834323650898
362,11,0.6589443951138523,0.27294370530589307
363,10,0.9238795325112867,0.3826834323650898
364,9,0.10953567703388528,0.26444251705892496
365,9,-0.10953567703388525,0.26444251705892496
366,9,-0.9238795325112867,0.3826834323650899
367,9,-0.7071067811865475,0.7071067811865476
368,8,-0.3826834323650897,0.9238795325112867
369,10,-0.3826834323650897,0.9238795325112867
370,11,-0.7071067811865475,0.7071067811865476
371,11,-0.3826834323650897,0.9238795325112867
372,14,6.123233995736766e-17,1.0
373,13,-0.3826834323650897,0.9238795325112867
374,13,-0.3826834323650897,0.9238795325112867
375,13,6.123233995736766e-17,1.0
376,11,6.123233995736766e-17,1.0
377,11,6.123233995736766e-17,1.0
378,8,6.123233995736766e-17,1.0
379,7,6.123233995736766e-17,1.0
380,6,-0.3826834323650897,0.9238795325112867
381,5,6.123233995736766e-17,1.0
382,6,6.123233995736766e-17,1.0
383,7,6.123233995736766e-17,1.0
384,6,-0.7071067811865475,0.7071067811865476
385,3,-0.3383180623043726,0.33831806230437267
386,3,-0.26444251705892496,0.1095356770338853
387,4,-0.26444251705892496,0.1095356770338853
388,4,0.5043342057198138,0.5043342057198137
389,5,0.5043342057198138,0.5043342057198137
390,5,0.5043342057198138,0.5043342057198137
391,5,0.1190430308450431,-0.04930923788201563
392,5,0.5043342057198138,0.5043342057198137
393,5,-0.3383180623043727,-0.3383180623043726
394,5,0.5043342057198138,0.5043342057198137
395,6,-0.26444251705892496,-0.10953567703388524
396,6,-0.26444251705892496,-0.10953567703388524
397,6,-0.26444251705892496,-0.10953567703388524
398,7,4.367312598097899e-17,0.7132362736976232
399,7,4.367312598097899e-17,0.7132362736976232
400,7,-0.20239554018274647,-0.2023955401827464
401,8,4.367312598097899e-17,0.7132362736976232
402,8,0.1830964159281446,0.44203385055563177
403,9,0.5043342057198138,0.5043342057198137
404,9,-0.18309641592814482,-0.44203385055563166
405,11,0.1830964159281446,0.44203385055563177
406,11,0.1830964159281446,0.44203385055563177
407,11,0.1830964159281446,0.44203385055563177
408,12,0.10953567703388528,0.26444251705892496
409,13,0.9238795325112867,0.3826834323650898
410,12,-0.18309641592814482,-0.44203385055563166
411,13,1.752656437763034e-17,0.2862305178902687
412,12,0.1830964159281446,0.44203385055563177
413,13,0.1830964159281446,0.44203385055563177
414,12,-0.04930923788201554,0.11904303084504313
415,12,-0.04930923788201554,0.11904303084504313
416,12,0.10953567703388528,0.26444251705892496
417,12,-0.04930923788201554,0.11904303084504313
418,12,-0.12885124808584156,1.577972685344674e-17
419,11,6.123233995736766e-17,1.0
420,11,0.0,0.0
421,12,4.367312598097899e-17,0.7132362736976232
422,13,4.367312598097899e-17,0.7132362736976232
423,14,6.123233995736766e-17,1.0
424,17,0.1830964159281446,0.44203385055563177
425,17,-0.44203385055563177,0.18309641592814463
426,16,6.123233995736766e-17,1.0
427,17,0.38268343236508984,0.9238795325112867
428,16,6.123233995736766e-17,1.0
429,15,1.752656437763034e-17,0.2862305178902687
430,14,6.123233995736766e-17,1.0
431,13,1.752656437763034e-17,0.2862305178902687
432,13,-0.18309641592814455,0.44203385055563177
433,13,-0.10953567703388525,0.26444251705892496
434,12,-0.272943705305893,0.6589443951138523
435,12,-0.272943705305893,0.6589443951138523
436,11,-0.272943705305893,0.6589443951138523
437,12,1.0,0.0
438,13,0.5043342057198138,0.5043342057198137
439,14,0.5043342057198138,0.5043342057198137
440,14,6.123233995736766e-17,1.0
441,15,6.123233995736766e-17,1.0
442,14,-0.3826834323650897,0.9238795325112867
443,13,-0.3826834323650897,0.9238795325112867
444,14,6.123233995736766e-17,1.0
445,14,-0.3826834323650897,0.9238795325112867
446,14,6.123233995736766e-17,1.0
447,14,-0.3826834323650897,0.9238795325112867
448,12,-0.3826834323650897,0.9238795325112867
449,10,-0.3826834323650897,0.9238795325112867
450,10,-0.3826834323650897,0.9238795325112867
451,9,-0.7071067811865475,0.7071067811865476
452,4,0.1830964159281446,0.44203385055563177
453,4,0.5043342057198138,0.5043342057198137
454,4,0.5043342057198138,0.5043342057198137
455,3,0.5043342057198138,0.5043342057198137
456,3,0.27294370530589324,-0.6589443951138522
457,3,0.5043342057198138,0.5043342057198137
458,3,0.33831806230437256,-0.3383180623043727
459,5,0.20239554018274641,0.2023955401827464
460,5,0.0911115912858487,-0.09111159128584874
461,6,6.123233995736766e-17,1.0
462,7,-0.3383180623043727,-0.3383180623043726
463,7,-0.26444251705892496,-0.10953567703388524
464,7,6.123233995736766e-17,1.0
465,7,-0.18309641592814482,-0.44203385055563166
466,7,4.367312598097899e-17,0.7132362736976232
467,7,-0.18309641592814482,-0.44203385055563166
468,7,-0.272943705305893,0.6589443951138523
469,7,-0.18309641592814482,-0.44203385055563166
470,8,-0.272943705305893,0.6589443951138523
471,9,-0.272943705305893,0.6589443951138523
472,9,-0.27294370530589346,-0.6589443951138522
473,7,-0.272943705305893,0.6589443951138523
474,9,-0.272943705305893,0.6589443951138523
475,9,2.9296857498632844e-17,0.47845399210662953
476,9,-0.27294370530589346,-0.6589443951138522
477,10,-0.7071067811865475,0.7071067811865476
478,11,-0.272943705305893,0.6589443951138523
479,12,2.9296857498632844e-17,0.47845399210662953
480,13,1.752656437763034e-17,0.2862305178902687
481,13,0.10953567703388528,0.26444251705892496
482,13,0.10953567703388528,0.26444251705892496
483,12,0.09111159128584873,0.09111159128584871
484,13,0.04930923788201556,0.11904303084504313
485,13,0.20239554018274641,0.2023955401827464
486,13,0.20239554018274641,0.2023955401827464
487,12,0.10953567703388528,0.26444251705892496
488,13,1.752656437763034e-17,0.2862305178902687
489,13,-0.18309641592814455,0.44203385055563177
490,15,0.20239554018274641,0.2023955401827464
491,15,0.44203385055563177,0.18309641592814457
492,15,0.2862305178902687,0.0
493,15,0.6589443951138523,0.27294370530589307
494,15,0.5043342057198138,0.5043342057198137
495,16,6.123233995736766e-17,1.0
496,15,-0.5043342057198137,0.5043342057198138
497,14,-0.9238795325112867,0.3826834323650899
498,12,2.9296857498632844e-17,0.47845399210662953
499,11,0.33831806230437267,0.3383180623043726
500,11,6.123233995736766e-17,1.0
501,11,6.123233995736766e-17,1.0
502,12,-0.3826834323650897,0.9238795325112867
503,12,6.123233995736766e-17,1.0
504,13,0.9238795325112867,0.3826834323650898
505,13,0.7071067811865476,0.7071067811865475
506,14,0.38268343236508984,0.9238795325112867
507,12,0.38268343236508984,0.9238795325112867
508,11,6.123233995736766e-17,1.0
509,10,6.123233995736766e-17,1.0
510,9,6.123233995736766e-17,1.0
511,9,6.123233995736766e-17,1.0
512,7,6.123233995736766e-17,1.0
513,7,-0.3826834323650897,0.9238795325112867
514,6,6.123233995736766e-17,1.0
515,6,-0.3826834323650897,0.9238795325112867
516,7,-0.3826834323650897,0.9238795325112867
517,7,-0.3826834323650897,0.9238795325112867
518,5,-0.3826834323650897,0.9238795325112867
519,4,-0.9238795325112867,0.3826834323650899
520,2,-0.44203385055563177,0.18309641592814463
521,2,0.5043342057198138,0.5043342057198137
522,2,0.5043342057198138,0.5043342057198137
523,2,0.27294370530589307,0.6589443951138523
524,3,0.1830964159281446,0.44203385055563177
525,2,-0.3383180623043727,-0.3383180623043726
526,3,0.38268343236508984,0.9238795325112867
527,4,0.5043342057198138,0.5043342057198137
528,4,-0.3383180623043727,-0.3383180623043726
529,4,0.7071067811865476,0.7071067811865475
530,4,-0.18309641592814482,-0.44203385055563166
531,3,0.38268343236508984,0.9238795325112867
532,3,-0.18309641592814482,-0.44203385055563166
533,2,0.27294370530589307,0.6589443951138523
534,5,0.7071067811865476,0.7071067811865475
535,6,-0.18309641592814482,-0.44203385055563166
536,5,-0.18309641592814455,0.44203385055563177
537,8,-0.18309641592814455,0.44203385055563177
538,8,-0.3383180623043726,0.33831806230437267
539,8,-0.12885124808584156,1.577972685344674e-17
540,9,-0.10953567703388525,0.26444251705892496
541,10,-0.18309641592814482,-0.44203385055563166
542,11,-0.18309641592814455,0.44203385055563177
543,11,-0.27294370530589346,-0.6589443951138522
544,12,-0.7071067811865475,0.7071067811865476
545,13,-0.7071067811865475,0.7071067811865476
546,15,-0.7071067811865475,0.7071067811865476
547,15,-0.04930923788201554,0.11904303084504313
548,15,0.04930923788201556,0.11904303084504313
549,14,7.88986342672337e-18,0.12885124808584156
550,16,1.752656437763034e-17,0.2862305178902687
551,16,0.04930923788201556,0.11904303084504313
552,16,0.09111159128584873,0.09111159128584871
553,16,0.20239554018274641,0.2023955401827464
554,16,0.6589443951138523,0.27294370530589307
555,16,0.9238795325112867,0.3826834323650898
556,17,0.9238795325112867,0.3826834323650898
557,16,0.9238795325112867,0.3826834323650898
558,16,0.7071067811865476,0.7071067811865475
559,16,0.7071067811865476,0.7071067811865475
560,17,0.27294370530589307,0.6589443951138523
561,17,0.5043342057198138,0.5043342057198137
562,15,6.123233995736766e-17,1.0
563,15,-0.3826834323650897,0.9238795325112867
564,16,-0.3826834323650897,0.9238795325112867
565,18,6.123233995736766e-17,1.0
566,18,6.123233995736766e-17,1.0
567,19,6.123233995736766e-17,1.0
568,18,6.123233995736766e-17,1.0
569,17,6.123233995736766e-17,1.0
570,14,6.123233995736766e-17,1.0
571,10,-0.3826834323650897,0.9238795325112867
572,8,-0.3826834323650897,0.9238795325112867
573,7,-0.3826834323650897,0.9238795325112867
574,6,-0.3826834323650897,0.9238795325112867
575,6,6.123233995736766e-17,1.0
576,7,-0.3826834323650897,0.9238795325112867
577,6,-0.3826834323650897,0.9238795325112867
578,6,-0.3826834323650897,0.9238795325112867
579,5,-0.3826834323650897,0.9238795325112867
580,5,-0.3826834323650897,0.9238795325112867
581,5,-0.3826834323650897,0.9238795325112867
582,0,0.04930923788201558,-0.11904303084504311
583,0,-0.11904303084504313,0.049309237882015564
584,0,0.10953567703388534,-0.2644425170589249
585,0,0.7071067811865476,0.7071067811865475
586,1,0.5043342057198138,0.5043342057198137
587,3,0.5043342057198138,0.5043342057198137
588,3,0.1830964159281446,0.44203385055563177
589,3,-0.26444251705892496,-0.10953567703388524
590,2,0.38268343236508984,0.9238795325112867
591,4,0.38268343236508984,0.9238795325112867
592,3,-0.3383180623043727,-0.3383180623043726
593,4,0.38268343236508984,0.9238795325112867
594,4,-0.18309641592814482,-0.44203385055563166
595,5,4.367312598097899e-17,0.7132362736976232
596,6,0.27294370530589307,0.6589443951138523
597,6,-0.18309641592814482,-0.44203385055563166
598,7,4.367312598097899e-17,0.7132362736976232
599,8,-0.18309641592814455,0.44203385055563177
600,8,2.9296857498632844e-17,0.47845399210662953
601,8,-0.27294370530589346,-0.6589443951138522
602,11,6.123233995736766e-17,1.0
603,11,4.367312598097899e-17,0.7132362736976232
604,14,1.752656437763034e-17,0.2862305178902687
605,14,0.10953567703388528,0.26444251705892496
606,14,0.20239554018274641,0.2023955401827464
607,14,-0.09111159128584871,0.09111159128584873
608,15,-0.09111159128584871,0.09111159128584873
609,16,-0.09111159128584871,0.09111159128584873
610,17,0.10953567703388528,0.26444251705892496
611,17,0.10953567703388528,0.26444251705892496
612,17,0.10953567703388528,0.26444251705892496
613,17,-0.272943705305893,0.6589443951138523
614,18,4.367312598097899e-17,0.7132362736976232
615,17,-0.04930923788201554,0.11904303084504313
616,17,0.04930923788201556,0.11904303084504313
617,17,0.5043342057198138,0.5043342057198137
618,18,4.367312598097899e-17,0.7132362736976232
619,18,0.5043342057198138,0.5043342057198137
620,18,6.123233995736766e-17,1.0
621,17,0.5043342057198138,0.5043342057198137
622,17,2.9296857498632844e-17,0.47845399210662953
623,17,6.123233995736766e-17,1.0
624,16,6.123233995736766e-17,1.0
625,16,0.04930923788201556,0.11904303084504313
626,15,6.123233995736766e-17,1.0
627,15,6.123233995736766e-17,1.0
628,17,-0.3826834323650897,0.9238795325112867
629,18,6.123233995736766e-17,1.0
630,18,6.123233995736766e-17,1.0
631,18,-0.3826834323650897,0.9238795325112867
632,14,-0.3826834323650897,0.9238795325112867
633,14,-0.3826834323650897,0.9238795325112867
634,12,-0.3826834323650897,0.9238795325112867
635,11,-0.3826834323650897,0.9238795325112867
636,11,-0.3826834323650897,0.9238795325112867
637,10,-0.3826834323650897,0.9238795325112867
638,9,6.123233995736766e-17,1.0
639,7,6.123233995736766e-17,1.0
640,6,-0.3826834323650897,0.9238795325112867
641,4,-0.7071067811865475,0.7071067811865476
642,4,-0.7071067811865475,0.7071067811865476
643,4,0.7071067811865476,0.7071067811865475
644,4,0.10953567703388528,0.26444251705892496
645,5,-0.7071067811865475,0.7071067811865476
646,5,0.5043342057198138,0.5043342057198137
647,5,0.04930923788201556,0.11904303084504313
648,5,0.04930923788201556,0.11904303084504313
649,5,-8.789057249589852e-17,-0.47845399210662953
650,5,0.18309641592814466,-0.4420338505556317
651,5,-0.049309237882015626,-0.1190430308450431
652,5,-0.20239554018274647,-0.2023955401827464
653,4,0.27294370530589307,0.6589443951138523
654,6,0.7071067811865476,0.7071067811865475
655,6,-0.18309641592814482,-0.44203385055563166
656,6,4.367312598097899e-17,0.7132362736976232
657,6,-0.18309641592814482,-0.44203385055563166
658,7,4.367312598097899e-17,0.7132362736976232
659,7,-1.3101937794293696e-16,-0.7132362736976232
660,7,6.123233995736766e-17,1.0
661,9,4.367312598097899e-17,0.7132362736976232
662,9,1.752656437763034e-17,0.2862305178902687
663,9,4.367312598097899e-17,0.7132362736976232
664,10,0.33831806230437267,0.3383180623043726
665,10,-0.18309641592814482,-0.44203385055563166
666,12,-0.3383180623043726,0.33831806230437267
667,12,-0.10953567703388542,-0.2644425170589249
668,12,-0.04930923788201554,0.11904303084504313
669,12,-0.2023955401827464,0.20239554018274641
670,12,0.10953567703388528,0.26444251705892496
671,13,0.33831806230437267,0.3383180623043726
672,13,0.33831806230437267,0.3383180623043726
673,15,6.123233995736766e-17,1.0
674,14,6.123233995736766e-17,1.0
675,15,6.123233995736766e-17,1.0
676,16,0.44203385055563177,0.18309641592814457
677,16,0.44203385055563177,0.18309641592814457
678,17,0.6589443951138523,0.27294370530589307
679,17,0.7132362736976232,0.0
680,16,0.6589443951138523,0.27294370530589307
681,16,0.7132362736976232,0.0
682,16,0.5043342057198138,0.5043342057198137
683,15,6.123233995736766e-17,1.0
684,15,6.123233995736766e-17,1.0
685,15,6.123233995736766e-17,1.0
686,15,-0.3826834323650897,0.9238795325112867
687,15,-0.3826834323650897,0.9238795325112867
688,14,-0.3826834323650897,0.9238795325112867
689,14,6.123233995736766e-17,1.0
690,15,-0.3826834323650897,0.9238795325112867
691,13,-0.3826834323650897,0.9238795325112867
692,12,-0.3826834323650897,0.9238795325112867
693,11,-0.3826834323650897,0.9238795325112867
694,11,-0.3826834323650897,0.9238795325112867
695,9,-0.3826834323650897,0.9238795325112867
696,8,6.123233995736766e-17,1.0
697,6,6.123233995736766e-17,1.0
698,4,6.123233995736766e-17,1.0
699,5,6.123233995736766e-17,1.0
700,5,-0.3826834323650897,0.9238795325112867
701,5,-0.272943705305893,0.6589443951138523
702,4,0.38268343236508984,0.9238795325112867
703,2,1.752656437763034e-17,0.2862305178902687
704,3,1.752656437763034e-17,0.2862305178902687
705,3,-0.26444251705892496,0.1095356770338853
706,3,-0.26444251705892496,0.1095356770338853
707,3,0.18309641592814466,-0.4420338505556317
708,4,0.18309641592814466,-0.4420338505556317
709,4,0.33831806230437267,0.3383180623043726
710,4,0.20239554018274641,0.2023955401827464
711,4,0.10953567703388528,0.26444251705892496
712,4,1.752656437763034e-17,0.2862305178902687
713,4,0.10953567703388528,0.26444251705892496
714,3,0.10953567703388528,0.26444251705892496
715,3,1.752656437763034e-17,0.2862305178902687
716,4,1.752656437763034e-17,0.2862305178902687
717,4,-0.20239554018274647,-0.2023955401827464
718,5,4.367312598097899e-17,0.7132362736976232
719,5,0.04930923788201556,0.11904303084504313
720,6,2.9296857498632844e-17,0.47845399210662953
721,6,0.10953567703388534,-0.2644425170589249
722,7,4.367312598097899e-17,0.7132362736976232
723,7,-0.10953567703388525,0.26444251705892496
724,8,0.5043342057198138,0.5043342057198137
725,8,0.5043342057198138,0.5043342057198137
726,9,0.27294370530589307,0.6589443951138523
727,12,0.38268343236508984,0.9238795325112867
728,13,6.123233995736766e-17,1.0
729,14,4.367312598097899e-17,0.7132362736976232
730,16,0.1830964159281446,0.44203385055563177
731,16,0.5043342057198138,0.5043342057198137
732,17,0.5043342057198138,0.5043342057198137
733,17,0.5043342057198138,0.5043342057198137
734,16,0.5043342057198138,0.5043342057198137
735,18,0.7071067811865476,0.7071067811865475
736,18,0.9238795325112867,0.3826834323650898
737,17,0.7071067811865476,0.7071067811865475
738,17,6.123233995736766e-17,1.0
739,17,-0.5043342057198137,0.5043342057198138
740,16,-0.6589443951138523,0.2729437053058931
741,16,-0.44203385055563177,0.18309641592814463
742,16,-0.47845399210662953,5.859371499726569e-17
743,14,-0.9238795325112868,-0.38268343236508967
744,15,-0.38268343236509034,-0.9238795325112865
745,12,-1.0,1.2246467991473532e-16
746,13,-0.9238795325112867,0.3826834323650899
747,10,-0.3826834323650897,0.9238795325112867
748,12,6.123233995736766e-17,1.0
749,13,-0.10953567703388525,0.26444251705892496
750,14,-0.5043342057198137,0.5043342057198138
751,12,-0.5043342057198137,0.5043342057198138
752,12,-0.44203385055563177,0.18309641592814463
753,12,-0.3383180623043726,0.33831806230437267
754,12,-0.44203385055563177,0.18309641592814463
755,11,-0.3383180623043726,0.33831806230437267
756,9,-0.18309641592814455,0.44203385055563177
757,8,-0.272943705305893,0.6589443951138523
758,7,-0.272943705305893,0.6589443951138523
759,6,-1.0,1.2246467991473532e-16
760,6,6.123233995736766e-17,1.0
761,5,-1.0,1.2246467991473532e-16
762,6,6.123233995736766e-17,1.0
763,5,0.38268343236508984,0.9238795325112867
764,5,0.38268343236508984,0.9238795325112867
765,6,0.38268343236508984,0.9238795325112867
766,6,0.38268343236508984,0.9238795325112867
767,5,0.38268343236508984,0.9238795325112867
768,5,0.38268343236508984,0.9238795325112867
769,4,0.38268343236508984,0.9238795325112867
770,6,0.38268343236508984,0.9238795325112867
771,6,0.7071067811865476,0.7071067811865475
772,6,0.38268343236508984,0.9238795325112867
773,5,0.27294370530589307,0.6589443951138523
774,4,-0.44203385055563177,0.18309641592814463
775,3,-0.3383180623043726,0.33831806230437267
776,3,-0.12885124808584156,1.577972685344674e-17
777,3,0.7071067811865476,0.7071067811865475
778,4,0.1830964159281446,0.44203385055563177
779,4,0.1830964159281446,0.44203385055563177
780,4,0.1830964159281446,0.44203385055563177
781,4,0.2644425170589249,-0.10953567703388545
782,5,0.11904303084504313,0.04930923788201555
783,5,0.38268343236508984,0.9238795325112867
784,5,-8.789057249589852e-17,-0.47845399210662953
785,6,0.38268343236508984,0.9238795325112867
786,6,-0.18309641592814482,-0.44203385055563166
787,5,0.7071067811865476,0.7071067811865475
788,6,-0.18309641592814482,-0.44203385055563166
789,7,0.7071067811865476,0.7071067811865475
790,7,-0.18309641592814482,-0.44203385055563166
791,6,4.367312598097899e-17,0.7132362736976232
792,6,-0.27294370530589346,-0.6589443951138522
793,7,-0.5043342057198137,0.5043342057198138
794,7,-0.27294370530589346,-0.6589443951138522
795,8,-0.272943705305893,0.6589443951138523
796,8,-0.2023955401827464,0.20239554018274641
797,8,-0.6589443951138523,0.2729437053058931
798,8,-0.9238795325112867,0.3826834323650899
799,10,-0.7071067811865475,0.7071067811865476
800,10,-0.7071067811865475,0.7071067811865476
801,10,-0.7071067811865475,0.7071067811865476
802,10,-0.3826834323650897,0.9238795325112867
803,13,6.123233995736766e-17,1.0
804,14,-0.3826834323650897,0.9238795325112867
805,13,-0.5043342057198137,0.5043342057198138
806,14,-0.7071067811865475,0.7071067811865476
807,15,6.123233995736766e-17,1.0
808,13,4.367312598097899e-17,0.7132362736976232
809,13,1.752656437763034e-17,0.2862305178902687
810,14,6.123233995736766e-17,1.0
811,12,-0.5043342057198137,0.5043342057198138
812,12,0.38268343236508984,0.9238795325112867
813,12,-0.5043342057198137,0.5043342057198138
814,11,-0.5043342057198137,0.5043342057198138
815,10,-0.6589443951138523,0.2729437053058931
816,9,-0.7132362736976232,8.734625196195798e-17
817,10,-0.10953567703388525,0.26444251705892496
818,8,2.9296857498632844e-17,0.47845399210662953
819,8,4.367312598097899e-17,0.7132362736976232
820,9,0.38268343236508984,0.9238795325112867
821,9,0.38268343236508984,0.9238795325112867
822,9,0.7071067811865476,0.7071067811865475
823,9,0.7071067811865476,0.7071067811865475
824,8,0.7071067811865476,0.7071067811865475
825,8,0.38268343236508984,0.9238795325112867
826,7,0.38268343236508984,0.9238795325112867
827,5,0.38268343236508984,0.9238795325112867
828,5,0.38268343236508984,0.9238795325112867
829,3,0.38268343236508984,0.9238795325112867
830,2,0.38268343236508984,0.9238795325112867
831,2,0.38268343236508984,0.9238795325112867
832,3,0.38268343236508984,0.9238795325112867
833,2,2.9296857498632844e-17,0.47845399210662953
834,3,0.7071067811865476,0.7071067811865475
835,4,-0.7071067811865475,0.7071067811865476
836,4,-0.11904303084504313,0.049309237882015564
837,4,-0.44203385055563177,0.18309641592814463
838,4,-0.26444251705892496,0.1095356770338853
839,4,-0.26444251705892496,0.1095356770338853
840,5,0.27294370530589307,0.6589443951138523
841,5,0.1830964159281446,0.44203385055563177
842,4,0.1830964159281446,0.44203385055563177
843,4,-0.26444251705892496,-0.10953567703388524
844,4,0.38268343236508984,0.9238795325112867
845,4,-0.20239554018274647,-0.2023955401827464
846,4,0.38268343236508984,0.9238795325112867
847,4,0.27294370530589307,0.6589443951138523
848,6,0.5043342057198138,0.5043342057198137
849,7,0.5043342057198138,0.5043342057198137
850,7,0.5043342057198138,0.5043342057198137
851,8,-0.27294370530589346,-0.6589443951138522
852,8,0.5043342057198138,0.5043342057198137
853,9,0.5043342057198138,0.5043342057198137
854,9,-0.18309641592814482,-0.44203385055563166
855,9,-0.18309641592814482,-0.44203385055563166
856,8,-0.7071067811865475,0.7071067811865476
857,9,-0.6589443951138523,0.2729437053058931
858,9,-0.6589443951138523,0.2729437053058931
859,10,-0.09111159128584871,0.09111159128584873
860,12,-0.5043342057198137,0.5043342057198138
861,12,-0.5043342057198137,0.5043342057198138
862,13,-0.12885124808584156,1.577972685344674e-17
863,13,0.1830964159281446,0.44203385055563177
864,13,0.26444251705892496,0.10953567703388527
865,13,0.44203385055563177,0.18309641592814457
866,14,0.44203385055563177,0.18309641592814457
867,14,0.33831806230437267,0.3383180623043726
868,14,0.33831806230437267,0.3383180623043726
869,14,0.33831806230437267,0.3383180623043726
870,14,0.33831806230437267,0.3383180623043726
871,15,0.5043342057198138,0.5043342057198137
872,16,0.6589443951138523,0.27294370530589307
873,17,0.6589443951138523,0.27294370530589307
874,17,1.0,0.0
875,16,0.9238795325112867,0.3826834323650898
876,15,0.7071067811865476,0.7071067811865475
877,15,0.7071067811865476,0.7071067811865475
878,13,0.7071067811865476,0.7071067811865475
879,12,-0.3826834323650897,0.9238795325112867
880,13,-0.3826834323650897,0.9238795325112867
881,14,-0.3826834323650897,0.9238795325112867
882,15,-0.3826834323650897,0.9238795325112867
883,15,-0.3826834323650897,0.9238795325112867
884,16,-0.3826834323650897,0.9238795325112867
885,16,-0.3826834323650897,0.9238795325112867
886,16,-0.3826834323650897,0.9238795325112867
887,15,-0.3826834323650897,0.9238795325112867
888,15,-0.3826834323650897,0.9238795325112867
889,13,-0.3826834323650897,0.9238795325112867
890,12,6.123233995736766e-17,1.0
891,11,6.123233995736766e-17,1.0
892,10,-0.3826834323650897,0.9238795325112867
893,7,-0.3826834323650897,0.9238795325112867
894,5,-0.3826834323650897,0.9238795325112867
895,5,-0.3826834323650897,0.9238795325112867
896,4,6.123233995736766e-17,1.0
897,6,-0.3826834323650897,0.9238795325112867
898,2,-0.5043342057198137,0.5043342057198138
899,2,-0.5043342057198137,0.5043342057198138
900,4,6.123233995736766e-17,1.0
901,4,6.123233995736766e-17,1.0
902,4,-0.7071067811865475,0.7071067811865476
903,4,0.5043342057198138,0.5043342057198137
904,4,0.10953567703388528,0.26444251705892496
905,4,0.04930923788201556,0.11904303084504313
906,4,-0.18309641592814482,-0.44203385055563166
907,4,-8.789057249589852e-17,-0.47845399210662953
908,5,-8.789057249589852e-17,-0.47845399210662953
909,5,-0.18309641592814482,-0.44203385055563166
910,5,0.38268343236508984,0.9238795325112867
911,5,-0.18309641592814482,-0.44203385055563166
912,7,0.38268343236508984,0.9238795325112867
913,7,-0.18309641592814482,-0.44203385055563166
914,7,0.38268343236508984,0.9238795325112867
915,7,-0.27294370530589346,-0.6589443951138522
916,7,0.38268343236508984,0.9238795325112867
917,7,-0.27294370530589346,-0.6589443951138522
918,9,4.367312598097899e-17,0.7132362736976232
919,11,4.367312598097899e-17,0.7132362736976232
920,11,-0.27294370530589346,-0.6589443951138522
921,10,0.27294370530589307,0.6589443951138523
922,10,0.5043342057198138,0.5043342057198137
923,10,-0.27294370530589346,-0.6589443951138522
924,12,0.5043342057198138,0.5043342057198137
925,12,0.33831806230437267,0.3383180623043726
926,13,0.1830964159281446,0.44203385055563177
927,14,0.33831806230437267,0.3383180623043726
928,12,0.6589443951138523,0.27294370530589307
929,12,0.47845399210662953,0.0
930,10,0.0,0.0
931,11,0.47845399210662953,0.0
932,13,0.27294370530589307,0.6589443951138523
933,14,-0.3826834323650897,0.9238795325112867
934,16,-0.3826834323650897,0.9238795325112867
935,16,0.10953567703388528,0.26444251705892496
936,16,0.33831806230437267,0.3383180623043726
937,16,0.20239554018274641,0.2023955401827464
938,16,0.1830964159281446,0.44203385055563177
939,17,4.367312598097899e-17,0.7132362736976232
940,18,0.20239554018274641,0.2023955401827464
941,18,0.0,0.0
942,18,-0.5043342057198137,0.5043342057198138
943,18,-0.5043342057198137,0.5043342057198138
944,18,-0.6589443951138523,0.2729437053058931
945,18,0.04930923788201556,0.11904303084504313
946,17,1.752656437763034e-17,0.2862305178902687
947,17,4.367312598097899e-17,0.7132362736976232
948,14,6.123233995736766e-17,1.0
949,15,6.123233995736766e-17,1.0
950,16,6.123233995736766e-17,1.0
951,14,6.123233995736766e-17,1.0
952,14,6.123233995736766e-17,1.0
953,14,6.123233995736766e-17,1.0
954,14,6.123233995736766e-17,1.0
955,14,6.123233995736766e-17,1.0
956,14,6.123233995736766e-17,1.0
957,15,6.123233995736766e-17,1.0
958,13,6.123233995736766e-17,1.0
959,12,6.123233995736766e-17,1.0
960,10,-0.3826834323650897,0.9238795325112867
961,7,-0.3826834323650897,0.9238795325112867
962,6,-0.3826834323650897,0.9238795325112867
963,6,6.123233995736766e-17,1.0
964,5,-0.3826834323650897,0.9238795325112867
965,4,-0.7071067811865475,0.7071067811865476
966,4,0.5043342057198138,0.5043342057198137
967,3,0.5043342057198138,0.5043342057198137
968,4,-0.3383180623043727,-0.3383180623043726
969,4,0.5043342057198138,0.5043342057198137
970,3,0.1830964159281446,0.44203385055563177
971,4,-0.26444251705892496,-0.10953567703388524
972,4,-0.26444251705892496,-0.10953567703388524
973,4,0.27294370530589307,0.6589443951138523
974,4,-0.3383180623043727,-0.3383180623043726
975,5,0.7071067811865476,0.7071067811865475
976,6,-0.26444251705892496,-0.10953567703388524
977,6,0.27294370530589307,0.6589443951138523
978,6,-0.18309641592814482,-0.44203385055563166
979,7,0.27294370530589307,0.6589443951138523
980,8,0.7071067811865476,0.7071067811865475
981,7,0.27294370530589307,0.6589443951138523
982,7,0.5043342057198138,0.5043342057198137
983,7,-0.27294370530589346,-0.6589443951138522
984,10,0.27294370530589307,0.6589443951138523
985,11,0.5043342057198138,0.5043342057198137
986,9,0.5043342057198138,0.5043342057198137
987,10,0.5043342057198138,0.5043342057198137
988,10,0.5043342057198138,0.5043342057198137
989,9,0.27294370530589307,0.6589443951138523
990,10,0.27294370530589307,0.6589443951138523
991,11,0.1830964159281446,0.44203385055563177
992,12,0.33831806230437267,0.3383180623043726
993,13,0.33831806230437267,0.3383180623043726
994,14,0.5043342057198138,0.5043342057198137
995,14,0.33831806230437267,0.3383180623043726
996,12,0.5043342057198138,0.5043342057198137
997,12,0.5043342057198138,0.5043342057198137
998,11,0.5043342057198138,0.5043342057198137
999,11,0.27294370530589307,0.6589443951138523
1000,12,0.5043342057198138,0.5043342057198137
1001,12,0.5043342057198138,0.5043342057198137
1002,13,0.27294370530589307,0.6589443951138523
1003,15,0.5043342057198138,0.5043342057198137
1004,13,6.123233995736766e-17,1.0
1005,13,6.123233995736766e-17,1.0
1006,13,0.5043342057198138,0.5043342057198137
1007,14,0.5043342057198138,0.5043342057198137
1008,15,0.33831806230437267,0.3383180623043726
1009,15,-0.3826834323650897,0.9238795325112867
1010,15,6.123233995736766e-17,1.0
1011,14,6.123233995736766e-17,1.0
1012,16,6.123233995736766e-17,1.0
1013,16,0.7071067811865476,0.7071067811865475
1014,12,0.27294370530589307,0.6589443951138523
1015,11,-0.18309641592814455,0.44203385055563177
1016,11,-0.5043342057198137,0.5043342057198138
1017,10,-0.9238795325112867,0.3826834323650899
1018,12,-0.9238795325112867,0.3826834323650899
1019,13,-0.3826834323650897,0.9238795325112867
1020,12,-0.7071067811865475,0.7071067811865476
1021,12,-0.3826834323650897,0.9238795325112867
1022,11,-0.7071067811865475,0.7071067811865476
1023,11,-0.9238795325112867,0.3826834323650899
1024,10,-0.7071067811865475,0.7071067811865476
1025,7,-0.7071067811865475,0.7071067811865476
1026,8,-0.9238795325112867,0.3826834323650899
1027,8,-0.9238795325112867,0.3826834323650899
1028,6,-0.9238795325112867,0.3826834323650899
1029,5,-0.9238795325112867,0.3826834323650899
1030,4,-1.0,1.2246467991473532e-16
1031,3,-0.44203385055563177,0.18309641592814463
1032,3,-0.7071067811865475,0.7071067811865476
1033,4,-1.8369701987210297e-16,-1.0
1034,3,0.7071067811865476,0.7071067811865475
1035,3,0.7071067811865476,0.7071067811865475
1036,3,-1.8369701987210297e-16,-1.0
1037,3,0.7071067811865476,0.7071067811865475
1038,3,0.7071067811865476,0.7071067811865475
1039,3,-0.26444251705892496,-0.10953567703388524
1040,3,-0.26444251705892496,-0.10953567703388524
1041,4,-0.20239554018274647,-0.2023955401827464
1042,5,6.123233995736766e-17,1.0
1043,5,-0.18309641592814482,-0.44203385055563166
1044,6,-0.272943705305893,0.6589443951138523
1045,6,-0.20239554018274647,-0.2023955401827464
1046,6,4.367312598097899e-17,0.7132362736976232
1047,6,-0.18309641592814482,-0.44203385055563166
1048,7,6.123233995736766e-17,1.0
1049,7,0.27294370530589307,0.6589443951138523
1050,8,0.27294370530589307,0.6589443951138523
1051,8,-1.3101937794293696e-16,-0.7132362736976232
1052,7,0.38268343236508984,0.9238795325112867
1053,7,0.5043342057198138,0.5043342057198137
1054,8,0.5043342057198138,0.5043342057198137
1055,11,0.1830964159281446,0.44203385055563177
1056,11,0.27294370530589324,-0.6589443951138522
1057,9,6.123233995736766e-17,1.0
1058,12,-0.3826834323650897,0.9238795325112867
1059,13,-0.3826834323650897,0.9238795325112867
1060,12,-0.7071067811865475,0.7071067811865476
1061,11,-0.7071067811865475,0.7071067811865476
1062,13,-0.3826834323650897,0.9238795325112867
1063,15,-0.10953567703388542,-0.2644425170589249
1064,14,-0.5043342057198137,0.5043342057198138
1065,14,-0.18309641592814482,-0.44203385055563166
1066,12,-0.38268343236509034,-0.9238795325112865
1067,12,-0.7071067811865475,0.7071067811865476
1068,10,-0.9238795325112867,0.3826834323650899
1069,9,-0.3826834323650897,0.9238795325112867
1070,10,-0.7071067811865475,0.7071067811865476
1071,8,-0.3826834323650897,0.9238795325112867
1072,8,-0.3826834323650897,0.9238795325112867
1073,7,6.123233995736766e-17,1.0
1074,7,6.123233995736766e-17,1.0
1075,9,6.123233995736766e-17,1.0
1076,10,6.123233995736766e-17,1.0
1077,10,6.123233995736766e-17,1.0
1078,9,0.38268343236508984,0.9238795325112867
1079,9,0.38268343236508984,0.9238795325112867
1080,9,0.38268343236508984,0.9238795325112867
1081,10,0.38268343236508984,0.9238795325112867
1082,7,0.38268343236508984,0.9238795325112867
1083,8,0.38268343236508984,0.9238795325112867
1084,7,6.123233995736766e-17,1.0
1085,7,0.38268343236508984,0.9238795325112867
1086,7,6.123233995736766e-17,1.0
1087,6,0.38268343236508984,0.9238795325112867
1088,6,0.38268343236508984,0.9238795325112867
1089,5,0.38268343236508984,0.9238795325112867
1090,4,6.123233995736766e-17,1.0
1091,4,-0.7071067811865475,0.7071067811865476
1092,3,-0.7071067811865475,0.7071067811865476
1093,3,0.33831806230437267,0.3383180623043726
1094,3,0.33831806230437267,0.3383180623043726
1095,3,0.33831806230437267,0.3383180623043726
1096,3,0.6589443951138523,0.27294370530589307
1097,5,0.44203385055563177,0.18309641592814457
1098,6,0.44203385055563177,0.18309641592814457
1099,6,0.33831806230437267,0.3383180623043726
1100,6,0.26444251705892496,0.10953567703388527
1101,7,0.20239554018274641,0.2023955401827464
1102,6,0.20239554018274641,0.2023955401827464
1103,6,0.20239554018274641,0.2023955401827464
1104,6,0.20239554018274641,0.2023955401827464
1105,7,-0.11904303084504313,0.049309237882015564
1106,7,-0.4420338505556318,-0.18309641592814452
1107,7,-0.6589443951138523,0.2729437053058931
1108,7,-0.6589443951138523,0.2729437053058931
1109,9,-0.7071067811865475,0.7071067811865476
1110,11,-0.7132362736976232,8.734625196195798e-17
1111,11,-0.6589443951138523,0.2729437053058931
1112,11,-0.6589443951138523,0.2729437053058931
1113,14,6.123233995736766e-17,1.0
1114,14,0.33831806230437267,0.3383180623043726
1115,15,0.33831806230437267,0.3383180623043726
1116,15,0.33831806230437267,0.3383180623043726
1117,13,0.47845399210662953,0.0
1118,14,0.44203385055563177,0.18309641592814457
1119,14,0.33831806230437267,0.3383180623043726
1120,14,0.20239554018274641,0.2023955401827464
1121,14,0.20239554018274641,0.2023955401827464
1122,15,0.09111159128584873,0.09111159128584871
1123,15,0.6589443951138523,0.27294370530589307
1124,15,0.44203385055563166,-0.18309641592814485
1125,13,0.38268343236509,-0.9238795325112866
1126,12,-0.47845399210662953,5.859371499726569e-17
1127,11,-8.789057249589852e-17,-0.47845399210662953
1128,10,-0.26444251705892496,-0.10953567703388524
1129,9,2.9296857498632844e-17,0.47845399210662953
1130,11,6.123233995736766e-17,1.0
1131,11,6.123233995736766e-17,1.0
1132,11,6.123233995736766e-17,1.0
1133,11,6.123233995736766e-17,1.0
1134,12,6.123233995736766e-17,1.0
1135,12,6.123233995736766e-17,1.0
1136,12,6.123233995736766e-17,1.0
1137,12,6.123233995736766e-17,1.0
1138,13,6.123233995736766e-17,1.0
1139,14,6.123233995736766e-17,1.0
1140,14,6.123233995736766e-17,1.0
1141,13,6.123233995736766e-17,1.0
1142,10,6.123233995736766e-17,1.0
1143,8,6.123233995736766e-17,1.0
1144,9,6.123233995736766e-17,1.0
1145,9,6.123233995736766e-17,1.0
1146,8,6.123233995736766e-17,1.0
1147,8,6.123233995736766e-17,1.0
1148,8,-0.3826834323650897,0.9238795325112867
1149,8,-0.3826834323650897,0.9238795325112867
1150,7,6.123233995736766e-17,1.0
1151,6,-0.3826834323650897,0.9238795325112867
1152,5,6.123233995736766e-17,1.0
1153,5,0.1830964159281446,0.44203385055563177
1154,5,0.1830964159281446,0.44203385055563177
1155,5,0.5043342057198138,0.5043342057198137
1156,6,0.5043342057198138,0.5043342057198137
1157,6,0.5043342057198138,0.5043342057198137
1158,6,-0.3383180623043727,-0.3383180623043726
1159,5,-0.27294370530589346,-0.6589443951138522
1160,5,0.5043342057198138,0.5043342057198137
1161,5,-0.27294370530589346,-0.6589443951138522
1162,4,-0.2862305178902687,3.505312875526068e-17
1163,4,4.367312598097899e-17,0.7132362736976232
1164,4,-0.18309641592814455,0.44203385055563177
1165,5,-0.272943705305893,0.6589443951138523
1166,6,4.367312598097899e-17,0.7132362736976232
1167,7,4.367312598097899e-17,0.7132362736976232
1168,7,-0.27294370530589346,-0.6589443951138522
1169,6,0.38268343236508984,0.9238795325112867
1170,7,0.7071067811865476,0.7071067811865475
1171,8,0.7071067811865476,0.7071067811865475
1172,8,-0.27294370530589346,-0.6589443951138522
1173,9,6.123233995736766e-17,1.0
1174,9,-0.27294370530589346,-0.6589443951138522
1175,12,6.123233995736766e-17,1.0
1176,12,0.1830964159281446,0.44203385055563177
1177,13,0.10953567703388528,0.26444251705892496
1178,13,-0.18309641592814482,-0.44203385055563166
1179,14,-0.27294370530589346,-0.6589443951138522
1180,13,-0.27294370530589346,-0.6589443951138522
1181,12,-0.3383180623043727,-0.3383180623043726
1182,10,-0.3383180623043727,-0.3383180623043726
1183,10,-0.6589443951138523,0.2729437053058931
1184,11,-0.5043342057198137,0.5043342057198138
1185,10,-0.3826834323650897,0.9238795325112867
1186,11,6.123233995736766e-17,1.0
1187,12,-0.3826834323650897,0.9238795325112867
1188,12,-0.7071067811865475,0.7071067811865476
1189,10,-0.7071067811865475,0.7071067811865476
1190,13,-0.3826834323650897,0.9238795325112867
1191,13,-0.3826834323650897,0.9238795325112867
1192,14,2.9296857498632844e-17,0.47845399210662953
1193,14,0.10953567703388534,-0.2644425170589249
1194,13,0.44203385055563166,-0.18309641592814485
1195,13,0.1830964159281446,0.44203385055563177
1196,14,0.38268343236508984,0.9238795325112867
1197,14,0.38268343236508984,0.9238795325112867
1198,14,0.38268343236508984,0.9238795325112867
1199,15,0.38268343236508984,0.9238795325112867
1200,16,6.123233995736766e-17,1.0
1201,15,6.123233995736766e-17,1.0
1202,16,6.123233995736766e-17,1.0
1203,16,6.123233995736766e-17,1.0
1204,15,6.123233995736766e-17,1.0
1205,14,6.123233995736766e-17,1.0
1206,11,6.123233995736766e-17,1.0
1207,8,0.38268343236508984,0.9238795325112867
1208,6,0.38268343236508984,0.9238795325112867
1209,5,6.123233995736766e-17,1.0
1210,4,6.123233995736766e-17,1.0
1211,4,6.123233995736766e-17,1.0
1212,4,6.123233995736766e-17,1.0
1213,3,6.123233995736766e-17,1.0
1214,4,6.123233995736766e-17,1.0
1215,2,0.7071067811865476,0.7071067811865475
1216,2,0.1830964159281446,0.44203385055563177
1217,1,0.1830964159281446,0.44203385055563177
1218,1,0.1830964159281446,0.44203385055563177
1219,2,0.27294370530589307,0.6589443951138523
1220,2,-0.04930923788201554,0.11904303084504313
1221,2,0.27294370530589307,0.6589443951138523
1222,3,-0.3383180623043727,-0.3383180623043726
1223,4,-0.3383180623043727,-0.3383180623043726
1224,4,0.7071067811865476,0.7071067811865475
1225,4,-0.3383180623043727,-0.3383180623043726
1226,4,-0.20239554018274647,-0.2023955401827464
1227,4,-0.18309641592814482,-0.44203385055563166
1228,4,-0.18309641592814455,0.44203385055563177
1229,4,-0.10953567703388542,-0.2644425170589249
1230,6,-0.272943705305893,0.6589443951138523
1231,7,-0.3383180623043726,0.33831806230437267
1232,7,-0.18309641592814455,0.44203385055563177
1233,8,-0.7071067811865475,0.7071067811865476
1234,7,-0.7071067811865475,0.7071067811865476
1235,7,-0.7071067811865475,0.7071067811865476
1236,8,-0.5043342057198137,0.5043342057198138
1237,8,-0.38268343236509034,-0.9238795325112865
1238,11,6.123233995736766e-17,1.0
1239,11,0.1830964159281446,0.44203385055563177
1240,11,1.752656437763034e-17,0.2862305178902687
1241,11,1.752656437763034e-17,0.2862305178902687
1242,12,0.10953567703388528,0.26444251705892496
1243,13,-0.3826834323650897,0.9238795325112867
1244,14,-0.12885124808584156,1.577972685344674e-17
1245,12,-0.44203385055563177,0.18309641592814463
1246,13,-0.3383180623043727,-0.3383180623043726
1247,12,-0.18309641592814482,-0.44203385055563166
1248,13,-0.10953567703388542,-0.2644425170589249
1249,13,0.9238795325112865,-0.3826834323650904
1250,14,0.6589443951138523,0.27294370530589307
1251,14,-0.27294370530589346,-0.6589443951138522
1252,10,0.33831806230437267,0.3383180623043726
1253,10,0.33831806230437267,0.3383180623043726
1254,9,0.26444251705892496,0.10953567703388527
1255,10,0.20239554018274641,0.2023955401827464
1256,12,4.367312598097899e-17,0.7132362736976232
1257,13,0.9238795325112867,0.3826834323650898
1258,13,1.0,0.0
1259,12,0.6589443951138522,-0.2729437053058935
1260,10,0.5043342057198138,0.5043342057198137
1261,11,0.5043342057198138,0.5043342057198137
1262,12,6.123233995736766e-17,1.0
1263,11,0.7071067811865476,0.7071067811865475
1264,10,0.9238795325112867,0.3826834323650898
1265,10,0.7071067811865476,0.7071067811865475
1266,8,0.7071067811865476,0.7071067811865475
1267,9,0.7071067811865476,0.7071067811865475
1268,8,6.123233995736766e-17,1.0
1269,9,-0.3826834323650897,0.9238795325112867
1270,10,-0.3826834323650897,0.9238795325112867
1271,11,-0.3826834323650897,0.9238795325112867
1272,11,-0.3826834323650897,0.9238795325112867
1273,14,-0.3826834323650897,0.9238795325112867
1274,14,-0.3826834323650897,0.9238795325112867
1275,11,6.123233995736766e-17,1.0
1276,11,6.123233995736766e-17,1.0
1277,9,6.123233995736766e-17,1.0
1278,8,6.123233995736766e-17,1.0
1279,8,-0.3826834323650897,0.9238795325112867
1280,8,-0.3826834323650897,0.9238795325112867
1281,8,-0.3826834323650897,0.9238795325112867
1282,8,-0.3826834323650897,0.9238795325112867
1283,6,-0.3826834323650897,0.9238795325112867
1284,6,-0.3383180623043726,0.33831806230437267
1285,6,-0.3383180623043726,0.33831806230437267
1286,7,-0.272943705305893,0.6589443951138523
1287,2,-0.3383180623043726,0.33831806230437267
1288,2,-0.18309641592814455,0.44203385055563177
1289,2,4.367312598097899e-17,0.7132362736976232
1290,2,-0.3383180623043726,0.33831806230437267
1291,3,6.123233995736766e-17,1.0
1292,3,-0.20239554018274647,-0.2023955401827464
1293,3,-0.10953567703388542,-0.2644425170589249
1294,3,0.38268343236508984,0.9238795325112867
1295,2,-0.18309641592814482,-0.44203385055563166
1296,3,-0.10953567703388542,-0.2644425170589249
1297,4,-0.09111159128584874,-0.09111159128584871
1298,4,-0.18309641592814455,0.44203385055563177
1299,4,-0.049309237882015626,-0.1190430308450431
1300,4,-0.18309641592814455,0.44203385055563177
1301,5,-0.18309641592814455,0.44203385055563177
1302,5,-0.18309641592814455,0.44203385055563177
1303,6,-0.272943705305893,0.6589443951138523
1304,7,-0.18309641592814455,0.44203385055563177
1305,8,-0.272943705305893,0.6589443951138523
1306,8,-0.272943705305893,0.6589443951138523
1307,9,-0.5043342057198137,0.5043342057198138
1308,10,-0.272943705305893,0.6589443951138523
1309,10,-0.5043342057198137,0.5043342057198138
1310,10,-0.5043342057198137,0.5043342057198138
1311,10,-0.5043342057198137,0.5043342057198138
1312,11,-0.5043342057198137,0.5043342057198138
1313,11,-0.5043342057198137,0.5043342057198138
1314,12,2.9296857498632844e-17,0.47845399210662953
1315,12,-0.7071067811865475,0.7071067811865476
1316,13,-0.7071067811865475,0.7071067811865476
1317,13,-0.7071067811865475,0.7071067811865476
1318,14,-0.04930923788201554,0.11904303084504313
1319,14,0.04930923788201556,0.11904303084504313
1320,13,-0.11904303084504314,-0.049309237882015536
1321,12,-0.2862305178902687,3.505312875526068e-17
1322,10,-0.6589443951138523,0.2729437053058931
1323,9,-0.9238795325112867,0.3826834323650899
1324,8,-0.6589443951138523,0.2729437053058931
1325,8,-0.6589443951138523,0.2729437053058931
1326,8,-0.5043342057198139,-0.5043342057198137
1327,6,2.9296857498632844e-17,0.47845399210662953
1328,6,-0.2023955401827464,0.20239554018274641
1329,6,0.20239554018274641,0.2023955401827464
1330,6,0.1190430308450431,-0.04930923788201563
1331,3,-0.3826834323650897,0.9238795325112867
1332,4,0.38268343236508984,0.9238795325112867
1333,4,0.7071067811865476,0.7071067811865475
1334,4,0.7071067811865476,0.7071067811865475
1335,4,0.7071067811865476,0.7071067811865475
1336,4,0.7071067811865476,0.7071067811865475
1337,4,0.9238795325112867,0.3826834323650898
1338,4,0.7071067811865476,0.7071067811865475
1339,3,0.7071067811865476,0.7071067811865475
1340,3,0.7071067811865476,0.7071067811865475
1341,2,0.7071067811865476,0.7071067811865475
1342,3,0.7071067811865476,0.7071067811865475
1343,3,0.7071067811865476,0.7071067811865475
1344,3,0.7071067811865476,0.7071067811865475
1345,2,0.38268343236508984,0.9238795325112867
1346,1,0.7071067811865476,0.7071067811865475
1347,2,0.38268343236508984,0.9238795325112867
1348,4,0.38268343236508984,0.9238795325112867
1349,3,0.38268343236508984,0.9238795325112867
1350,3,0.38268343236508984,0.9238795325112867
1351,3,0.27294370530589307,0.6589443951138523
1352,4,6.123233995736766e-17,1.0
1353,4,-0.2023955401827464,0.20239554018274641
1354,4,-0.2023955401827464,0.20239554018274641
1355,5,1.752656437763034e-17,0.2862305178902687
1356,5,-0.26444251705892496,0.1095356770338853
1357,5,0.10953567703388528,0.26444251705892496
1358,5,0.10953567703388528,0.26444251705892496
1359,5,0.33831806230437267,0.3383180623043726
1360,4,0.33831806230437267,0.3383180623043726
1361,4,0.33831806230437267,0.3383180623043726
1362,5,0.10953567703388528,0.26444251705892496
1363,5,0.10953567703388534,-0.2644425170589249
1364,4,0.5043342057198138,0.5043342057198137
1365,4,0.20239554018274636,-0.20239554018274647
1366,7,0.38268343236508984,0.9238795325112867
1367,6,0.27294370530589307,0.6589443951138523
1368,7,0.5043342057198138,0.5043342057198137
1369,8,0.5043342057198138,0.5043342057198137
1370,8,-0.18309641592814482,-0.44203385055563166
1371,8,-8.789057249589852e-17,-0.47845399210662953
1372,9,0.27294370530589307,0.6589443951138523
1373,9,-8.789057249589852e-17,-0.47845399210662953
1374,10,0.27294370530589307,0.6589443951138523
1375,10,-0.18309641592814482,-0.44203385055563166
1376,11,4.367312598097899e-17,0.7132362736976232
1377,11,6.123233995736766e-17,1.0
1378,11,0.5043342057198138,0.5043342057198137
1379,12,0.5043342057198138,0.5043342057198137
1380,12,0.09111159128584873,0.09111159128584871
1381,12,0.5043342057198138,0.5043342057198137
1382,12,-0.6589443951138523,0.2729437053058931
1383,12,-0.20239554018274647,-0.2023955401827464
1384,11,-0.18309641592814482,-0.44203385055563166
1385,10,-0.7132362736976232,8.734625196195798e-17
1386,10,-0.47845399210662953,5.859371499726569e-17
1387,11,-0.18309641592814455,0.44203385055563177
1388,11,0.1830964159281446,0.44203385055563177
1389,12,2.9296857498632844e-17,0.47845399210662953
1390,12,1.752656437763034e-17,0.2862305178902687
1391,12,0.27294370530589307,0.6589443951138523
1392,12,0.0,0.0
1393,12,0.5043342057198138,0.5043342057198137
1394,12,6.123233995736766e-17,1.0
1395,15,-0.3826834323650897,0.9238795325112867
1396,15,-0.9238795325112867,0.3826834323650899
1397,14,-0.3826834323650897,0.9238795325112867
1398,13,-0.3826834323650897,0.9238795325112867
1399,14,6.123233995736766e-17,1.0
1400,14,-0.3826834323650897,0.9238795325112867
1401,13,-0.18309641592814455,0.44203385055563177
1402,10,-0.6589443951138523,0.2729437053058931
1403,10,-0.6589443951138523,0.2729437053058931
1404,11,-1.0,1.2246467991473532e-16
1405,8,-1.0,1.2246467991473532e-16
1406,7,-1.0,1.2246467991473532e-16
1407,8,-0.7071067811865477,-0.7071067811865475
1408,7,-1.0,1.2246467991473532e-16
1409,7,-0.9238795325112867,0.3826834323650899
1410,5,1.0,0.0
1411,5,-1.0,1.2246467991473532e-16
1412,4,-0.3826834323650897,0.9238795325112867
1413,4,-0.3826834323650897,0.9238795325112867
1414,6,-0.3826834323650897,0.9238795325112867
1415,7,-0.3826834323650897,0.9238795325112867
1416,7,-0.9238795325112867,0.3826834323650899
1417,6,-0.9238795325112867,0.3826834323650899
1418,6,-0.7071067811865475,0.7071067811865476
1419,4,-0.7071067811865475,0.7071067811865476
1420,4,-0.7071067811865475,0.7071067811865476
1421,5,0.7071067811865476,0.7071067811865475
1422,5,-0.7071067811865475,0.7071067811865476
1423,5,0.7071067811865476,0.7071067811865475
1424,6,1.0,0.0
1425,7,1.0,0.0
1426,7,0.7071067811865476,0.7071067811865475
1427,7,0.7071067811865476,0.7071067811865475
1428,7,0.7071067811865476,0.7071067811865475
1429,7,0.7071067811865476,0.7071067811865475
1430,7,-0.5043342057198137,0.5043342057198138
1431,7,0.7071067811865476,0.7071067811865475
1432,7,0.9238795325112867,0.3826834323650898
1433,6,0.9238795325112867,0.3826834323650898
1434,5,0.9238795325112867,0.3826834323650898
1435,6,0.9238795325112867,0.3826834323650898
1436,6,0.9238795325112867,0.3826834323650898
1437,7,0.9238795325112867,0.3826834323650898
1438,3,-0.7071067811865475,0.7071067811865476
1439,4,-0.26444251705892496,0.1095356770338853
1440,4,-0.26444251705892496,0.1095356770338853
1441,4,0.10953567703388528,0.26444251705892496
1442,4,0.5043342057198138,0.5043342057198137
1443,4,0.5043342057198138,0.5043342057198137
1444,4,0.5043342057198138,0.5043342057198137
1445,5,-0.3383180623043727,-0.3383180623043726
1446,6,0.5043342057198138,0.5043342057198137
1447,6,-0.3383180623043727,-0.3383180623043726
1448,7,-8.789057249589852e-17,-0.47845399210662953
1449,7,0.5043342057198138,0.5043342057198137
1450,6,0.27294370530589307,0.6589443951138523
1451,6,-0.18309641592814482,-0.44203385055563166
1452,8,0.38268343236508984,0.9238795325112867
1453,9,0.27294370530589307,0.6589443951138523
1454,9,-0.18309641592814482,-0.44203385055563166
1455,8,-0.18309641592814482,-0.44203385055563166
1456,8,-0.18309641592814482,-0.44203385055563166
1457,8,0.38268343236508984,0.9238795325112867
1458,10,0.7071067811865476,0.7071067811865475
1459,10,-0.27294370530589346,-0.6589443951138522
1460,10,-0.272943705305893,0.6589443951138523
1461,9,-0.3383180623043726,0.33831806230437267
1462,9,-0.3383180623043726,0.33831806230437267
1463,10,-0.3383180623043726,0.33831806230437267
1464,10,-0.27294370530589346,-0.6589443951138522
1465,10,-0.7071067811865475,0.7071067811865476
1466,11,-0.7071067811865475,0.7071067811865476
1467,11,-0.7071067811865475,0.7071067811865476
1468,11,-0.3826834323650897,0.9238795325112867
1469,13,6.123233995736766e-17,1.0
1470,13,-0.3826834323650897,0.9238795325112867
1471,13,-0.18309641592814455,0.44203385055563177
1472,14,-0.272943705305893,0.6589443951138523
1473,13,1.752656437763034e-17,0.2862305178902687
1474,13,0.10953567703388528,0.26444251705892496
1475,13,2.9296857498632844e-17,0.47845399210662953
1476,13,-0.7071067811865475,0.7071067811865476
1477,13,-0.7071067811865475,0.7071067811865476
1478,11,-0.7071067811865475,0.7071067811865476
1479,12,-0.7071067811865475,0.7071067811865476
1480,10,0.0,0.0
1481,9,-0.09111159128584871,0.09111159128584873
1482,9,-0.7071067811865475,0.7071067811865476
1483,8,-0.7071067811865475,0.7071067811865476
1484,8,-0.7071067811865475,0.7071067811865476
1485,7,-0.7071067811865475,0.7071067811865476
1486,7,-0.7071067811865475,0.7071067811865476
1487,6,-0.7071067811865475,0.7071067811865476
1488,5,-0.7071067811865475,0.7071067811865476
1489,4,-0.7071067811865475,0.7071067811865476
1490,3,-0.9238795325112867,0.3826834323650899
1491,4,-0.7071067811865475,0.7071067811865476
1492,2,-0.7071067811865475,0.7071067811865476
1493,3,0.9238795325112867,0.3826834323650898
1494,3,0.9238795325112867,0.3826834323650898
1495,3,1.0,0.0
1496,4,0.9238795325112867,0.3826834323650898
1497,3,0.7132362736976232,0.0
1498,5,0.7132362736976232,0.0
1499,5,0.44203385055563166,-0.18309641592814485
1500,5,0.44203385055563166,-0.18309641592814485
1501,5,0.44203385055563166,-0.18309641592814485
1502,5,0.27294370530589307,0.6589443951138523
1503,5,0.44203385055563166,-0.18309641592814485
1504,5,0.44203385055563166,-0.18309641592814485
1505,5,0.44203385055563166,-0.18309641592814485
1506,6,2.9296857498632844e-17,0.47845399210662953
1507,7,0.38268343236508984,0.9238795325112867
1508,7,0.27294370530589307,0.6589443951138523
1509,7,4.367312598097899e-17,0.7132362736976232
1510,7,0.7071067811865476,0.7071067811865475
1511,6,0.7071067811865476,0.7071067811865475
1512,6,0.38268343236508984,0.9238795325112867
1513,5,0.7071067811865476,0.7071067811865475
1514,5,0.7071067811865476,0.7071067811865475
1515,5,-0.272943705305893,0.6589443951138523
1516,4,2.9296857498632844e-17,0.47845399210662953
1517,5,0.33831806230437267,0.3383180623043726
1518,7,0.9238795325112867,0.3826834323650898
1519,5,-0.7071067811865475,0.7071067811865476
1520,5,-0.7071067811865475,0.7071067811865476
1521,6,-0.26444251705892496,0.1095356770338853
1522,6,0.10953567703388528,0.26444251705892496
1523,6,0.04930923788201556,0.11904303084504313
1524,5,0.5043342057198138,0.5043342057198137
1525,5,0.20239554018274636,-0.20239554018274647
1526,6,0.44203385055563177,0.18309641592814457
1527,6,0.44203385055563166,-0.18309641592814485
1528,6,0.20239554018274641,0.2023955401827464
1529,6,0.27294370530589307,0.6589443951138523
1530,6,-0.18309641592814482,-0.44203385055563166
1531,7,0.38268343236508984,0.9238795325112867
1532,7,-0.18309641592814482,-0.44203385055563166
1533,7,0.38268343236508984,0.9238795325112867
1534,7,0.7071067811865476,0.7071067811865475
1535,7,-0.18309641592814482,-0.44203385055563166
1536,8,-0.18309641592814482,-0.44203385055563166
1537,8,-0.272943705305893,0.6589443951138523
1538,10,-0.272943705305893,0.6589443951138523
1539,10,-1.3101937794293696e-16,-0.7132362736976232
1540,10,-0.3826834323650897,0.9238795325112867
1541,11,-0.7071067811865475,0.7071067811865476
1542,14,-0.3826834323650897,0.9238795325112867
1543,13,-0.3826834323650897,0.9238795325112867
1544,15,-0.3826834323650897,0.9238795325112867
1545,14,-0.04930923788201554,0.11904303084504313
1546,15,-0.3826834323650897,0.9238795325112867
1547,14,0.10953567703388528,0.26444251705892496
1548,14,0.04930923788201556,0.11904303084504313
1549,14,0.04930923788201558,-0.11904303084504311
1550,14,0.0911115912858487,-0.09111159128584874
1551,15,0.0911115912858487,-0.09111159128584874
1552,14,-0.049309237882015626,-0.1190430308450431
1553,14,0.0,0.0
1554,13,0.10953567703388534,-0.2644425170589249
1555,13,0.12885124808584156,0.0
1556,13,0.0911115912858487,-0.09111159128584874
1557,12,-5.2579693132891015e-17,-0.2862305178902687
1558,11,-0.20239554018274647,-0.2023955401827464
1559,10,-0.3383180623043727,-0.3383180623043726
1560,10,-0.26444251705892496,0.1095356770338853
1561,10,-0.6589443951138523,0.2729437053058931
1562,9,-0.26444251705892496,0.1095356770338853
1563,9,-0.2862305178902687,3.505312875526068e-17
1564,9,-0.2862305178902687,3.505312875526068e-17
1565,7,-0.7132362736976232,8.734625196195798e-17
1566,5,-0.6589443951138523,0.2729437053058931
1567,5,-0.7071067811865475,0.7071067811865476
1568,7,-0.7071067811865475,0.7071067811865476
1569,8,6.123233995736766e-17,1.0
1570,10,0.7071067811865476,0.7071067811865475
1571,11,0.9238795325112867,0.3826834323650898
1572,10,0.38268343236508984,0.9238795325112867
1573,11,0.38268343236508984,0.9238795325112867
1574,10,0.38268343236508984,0.9238795325112867
1575,11,6.123233995736766e-17,1.0
1576,9,6.123233995736766e-17,1.0
1577,10,0.0,0.0
1578,10,2.9296857498632844e-17,0.47845399210662953
1579,9,2.9296857498632844e-17,0.47845399210662953
1580,8,0.5043342057198138,0.5043342057198137
1581,10,0.38268343236508984,0.9238795325112867
1582,11,0.27294370530589307,0.6589443951138523
1583,9,0.38268343236508984,0.9238795325112867
1584,10,0.38268343236508984,0.9238795325112867
1585,9,6.123233995736766e-17,1.0
1586,9,0.38268343236508984,0.9238795325112867
1587,9,0.38268343236508984,0.9238795325112867
1588,7,6.123233995736766e-17,1.0
1589,9,6.123233995736766e-17,1.0
1590,9,6.123233995736766e-17,1.0
1591,8,0.38268343236508984,0.9238795325112867
1592,9,6.123233995736766e-17,1.0
1593,8,6.123233995736766e-17,1.0
1594,4,0.1830964159281446,0.44203385055563177
1595,4,0.1830964159281446,0.44203385055563177
1596,4,-0.26444251705892496,0.1095356770338853
1597,4,0.1830964159281446,0.44203385055563177
1598,4,0.10953567703388528,0.26444251705892496
1599,4,0.10953567703388528,0.26444251705892496
1600,4,0.10953567703388528,0.26444251705892496
1601,3,0.10953567703388534,-0.2644425170589249
1602,3,-8.789057249589852e-17,-0.47845399210662953
1603,4,0.10953567703388534,-0.2644425170589249
1604,3,0.12885124808584156,0.0
1605,3,0.10953567703388528,0.26444251705892496
1606,3,0.10953567703388528,0.26444251705892496
1607,5,4.367312598097899e-17,0.7132362736976232
1608,6,0.04930923788201556,0.11904303084504313
1609,6,-0.2862305178902687,3.505312875526068e-17
1610,7,-0.272943705305893,0.6589443951138523
1611,7,-0.26444251705892496,0.1095356770338853
1612,8,-0.18309641592814455,0.44203385055563177
1613,8,-0.10953567703388525,0.26444251705892496
1614,7,-0.10953567703388525,0.26444251705892496
1615,10,-0.3383180623043726,0.33831806230437267
1616,11,-0.3383180623043726,0.33831806230437267
1617,11,-0.10953567703388525,0.26444251705892496
1618,11,-0.10953567703388525,0.26444251705892496
1619,10,-0.10953567703388525,0.26444251705892496
1620,11,-0.10953567703388525,0.26444251705892496
1621,10,1.752656437763034e-17,0.2862305178902687
1622,10,1.752656437763034e-17,0.2862305178902687
1623,10,1.752656437763034e-17,0.2862305178902687
1624,11,1.752656437763034e-17,0.2862305178902687
1625,12,1.752656437763034e-17,0.2862305178902687
1626,12,0.04930923788201556,0.11904303084504313
1627,14,1.752656437763034e-17,0.2862305178902687
1628,14,-0.10953567703388525,0.26444251705892496
1629,14,0.20239554018274641,0.2023955401827464
1630,14,0.10953567703388528,0.26444251705892496
1631,14,1.752656437763034e-17,0.2862305178902687
1632,14,0.0,0.0
1633,14,0.44203385055563177,0.18309641592814457
1634,15,0.0,0.0
1635,15,-0.049309237882015626,-0.1190430308450431
1636,15,0.0,0.0
1637,14,-0.2023955401827464,0.20239554018274641
1638,14,-0.7132362736976232,8.734625196195798e-17
1639,12,-0.9238795325112867,0.3826834323650899
1640,12,-0.3826834323650897,0.9238795325112867
1641,12,-0.3826834323650897,0.9238795325112867
1642,12,6.123233995736766e-17,1.0
1643,11,6.123233995736766e-17,1.0
1644,11,0.38268343236508984,0.9238795325112867
1645,11,0.38268343236508984,0.9238795325112867
1646,11,6.123233995736766e-17,1.0
1647,10,6.123233995736766e-17,1.0
1648,10,6.123233995736766e-17,1.0
1649,9,-0.26444251705892496,-0.10953567703388524
1650,9,6.123233995736766e-17,1.0
1651,8,0.5043342057198138,0.5043342057198137
1652,8,6.123233995736766e-17,1.0
1653,7,0.38268343236508984,0.9238795325112867
1654,8,0.38268343236508984,0.9238795325112867
1655,8,0.38268343236508984,0.9238795325112867
1656,8,0.38268343236508984,0.9238795325112867
1657,7,0.38268343236508984,0.9238795325112867
1658,7,0.38268343236508984,0.9238795325112867
1659,7,0.38268343236508984,0.9238795325112867
1660,9,0.38268343236508984,0.9238795325112867
1661,9,0.38268343236508984,0.9238795325112867
1662,9,6.123233995736766e-17,1.0
1663,9,-0.272943705305893,0.6589443951138523
1664,3,0.33831806230437267,0.3383180623043726
1665,3,0.33831806230437256,-0.3383180623043727
1666,3,0.27294370530589324,-0.6589443951138522
1667,4,0.7071067811865476,0.7071067811865475
1668,5,0.7071067811865476,0.7071067811865475
1669,5,0.5043342057198137,-0.5043342057198139
1670,5,0.5043342057198138,0.5043342057198137
1671,6,0.5043342057198138,0.5043342057198137
1672,5,-0.3383180623043727,-0.3383180623043726
1673,5,0.04930923788201558,-0.11904303084504311
1674,5,0.2862305178902687,0.0
1675,5,-0.18309641592814455,0.44203385055563177
1676,5,-0.44203385055563177,0.18309641592814463
1677,5,-0.20239554018274647,-0.2023955401827464
1678,5,-0.6589443951138523,0.2729437053058931
1679,6,-0.6589443951138523,0.2729437053058931
1680,6,-0.6589443951138523,0.2729437053058931
1681,6,-0.7071067811865475,0.7071067811865476
1682,6,-0.7071067811865475,0.7071067811865476
1683,9,-0.7071067811865475,0.7071067811865476
1684,10,-0.6589443951138523,0.2729437053058931
1685,10,-0.6589443951138523,0.2729437053058931
1686,10,-0.6589443951138523,0.2729437053058931
1687,10,-0.7071067811865475,0.7071067811865476
1688,11,-0.7071067811865475,0.7071067811865476
1689,13,-0.3826834323650897,0.9238795325112867
1690,12,-0.7071067811865475,0.7071067811865476
1691,11,-0.3826834323650897,0.9238795325112867
1692,12,-0.3826834323650897,0.9238795325112867
1693,13,6.123233995736766e-17,1.0
1694,13,6.123233995736766e-17,1.0
1695,14,6.123233995736766e-17,1.0
1696,15,0.20239554018274641,0.2023955401827464
1697,15,6.123233995736766e-17,1.0
1698,12,6.123233995736766e-17,1.0
1699,12,0.38268343236508984,0.9238795325112867
1700,13,0.2862305178902687,0.0
1701,14,0.26444251705892496,0.10953567703388527
1702,14,0.20239554018274641,0.2023955401827464
1703,14,0.20239554018274641,0.2023955401827464
1704,12,0.1830964159281446,0.44203385055563177
1705,12,0.6589443951138523,0.27294370530589307
1706,13,0.38268343236508984,0.9238795325112867
1707,13,0.7071067811865476,0.7071067811865475
1708,13,0.38268343236508984,0.9238795325112867
1709,12,0.38268343236508984,0.9238795325112867
1710,12,0.38268343236508984,0.9238795325112867
1711,12,0.38268343236508984,0.9238795325112867
1712,11,6.123233995736766e-17,1.0
1713,8,0.38268343236508984,0.9238795325112867
1714,8,0.38268343236508984,0.9238795325112867
1715,7,6.123233995736766e-17,1.0
1716,6,6.123233995736766e-17,1.0
1717,6,6.123233995736766e-17,1.0
1718,6,0.38268343236508984,0.9238795325112867
1719,6,0.38268343236508984,0.9238795325112867
1720,6,-0.3826834323650897,0.9238795325112867
1721,3,-0.26444251705892496,0.1095356770338853
1722,3,-0.2023955401827464,0.20239554018274641
1723,3,-0.11904303084504313,0.049309237882015564
1724,3,0.27294370530589324,-0.6589443951138522
1725,5,0.5043342057198137,-0.5043342057198139
1726,4,0.9238795325112867,0.3826834323650898
1727,5,0.6589443951138523,0.27294370530589307
1728,5,0.47845399210662953,0.0
1729,5,0.27294370530589307,0.6589443951138523
1730,5,0.27294370530589307,0.6589443951138523
1731,6,-0.18309641592814455,0.44203385055563177
1732,6,-0.20239554018274647,-0.2023955401827464
1733,5,-0.18309641592814455,0.44203385055563177
1734,5,-0.18309641592814455,0.44203385055563177
1735,5,2.9296857498632844e-17,0.47845399210662953
1736,8,-0.10953567703388525,0.26444251705892496
1737,9,-0.44203385055563177,0.18309641592814463
1738,9,-0.18309641592814455,0.44203385055563177
1739,9,-0.10953567703388525,0.26444251705892496
1740,9,-0.18309641592814455,0.44203385055563177
1741,9,-0.6589443951138523,0.2729437053058931
1742,11,-0.44203385055563177,0.18309641592814463
1743,12,-0.44203385055563177,0.18309641592814463
1744,12,-0.18309641592814455,0.44203385055563177
1745,13,2.9296857498632844e-17,0.47845399210662953
1746,14,0.1830964159281446,0.44203385055563177
1747,14,0.1830964159281446,0.44203385055563177
1748,16,0.1830964159281446,0.44203385055563177
1749,16,0.1830964159281446,0.44203385055563177
1750,16,0.10953567703388528,0.26444251705892496
1751,18,0.33831806230437267,0.3383180623043726
1752,18,0.33831806230437267,0.3383180623043726
1753,18,0.33831806230437267,0.3383180623043726
1754,18,0.1830964159281446,0.44203385055563177
1755,17,0.1830964159281446,0.44203385055563177
1756,17,0.5043342057198138,0.5043342057198137
1757,18,0.5043342057198138,0.5043342057198137
1758,18,0.5043342057198138,0.5043342057198137
1759,18,0.27294370530589307,0.6589443951138523
1760,18,6.123233995736766e-17,1.0
1761,17,6.123233995736766e-17,1.0
1762,17,-0.272943705305893,0.6589443951138523
1763,16,6.123233995736766e-17,1.0
1764,15,-0.3826834323650897,0.9238795325112867
1765,17,-0.7071067811865475,0.7071067811865476
1766,18,-0.7071067811865475,0.7071067811865476
1767,15,-0.3826834323650897,0.9238795325112867
1768,15,6.123233995736766e-17,1.0
1769,14,6.123233995736766e-17,1.0
1770,13,6.123233995736766e-17,1.0
1771,12,6.123233995736766e-17,1.0
1772,9,6.123233995736766e-17,1.0
1773,10,6.123233995736766e-17,1.0
1774,8,6.123233995736766e-17,1.0
1775,8,6.123233995736766e-17,1.0
1776,9,-0.3826834323650897,0.9238795325112867
1777,9,6.123233995736766e-17,1.0
1778,7,6.123233995736766e-17,1.0
1779,7,6.123233995736766e-17,1.0
1780,7,2.9296857498632844e-17,0.47845399210662953
1781,3,-0.11904303084504313,0.049309237882015564
1782,3,-0.11904303084504313,0.049309237882015564
1783,3,0.7071067811865476,0.7071067811865475
1784,3,0.47845399210662953,0.0
1785,3,0.1830964159281446,0.44203385055563177
1786,3,0.5043342057198138,0.5043342057198137
1787,3,0.33831806230437267,0.3383180623043726
1788,3,0.5043342057198138,0.5043342057198137
1789,3,0.5043342057198138,0.5043342057198137
1790,4,0.5043342057198138,0.5043342057198137
1791,4,0.5043342057198138,0.5043342057198137
1792,4,0.38268343236508984,0.9238795325112867
1793,4,-0.18309641592814482,-0.44203385055563166
1794,4,-0.27294370530589346,-0.6589443951138522
1795,5,-8.789057249589852e-17,-0.47845399210662953
1796,7,-0.272943705305893,0.6589443951138523
1797,7,-0.272943705305893,0.6589443951138523
1798,7,-0.18309641592814455,0.44203385055563177
1799,7,-0.27294370530589346,-0.6589443951138522
1800,8,4.367312598097899e-17,0.7132362736976232
1801,10,4.367312598097899e-17,0.7132362736976232
1802,10,-1.8369701987210297e-16,-1.0
1803,9,6.123233995736766e-17,1.0
1804,10,0.27294370530589307,0.6589443951138523
1805,10,-1.8369701987210297e-16,-1.0
1806,11,6.123233995736766e-17,1.0
1807,11,6.123233995736766e-17,1.0
1808,12,0.1830964159281446,0.44203385055563177
1809,12,0.33831806230437267,0.3383180623043726
1810,13,0.09111159128584873,0.09111159128584871
1811,12,0.47845399210662953,0.0
1812,13,0.44203385055563177,0.18309641592814457
1813,13,0.04930923788201556,0.11904303084504313
1814,13,0.0,0.0
1815,14,0.0,0.0
1816,15,-0.04930923788201554,0.11904303084504313
1817,13,-0.3383180623043726,0.33831806230437267
1818,12,0.0,0.0
1819,14,0.2644425170589249,-0.10953567703388545
1820,15,0.2644425170589249,-0.10953567703388545
1821,14,0.5043342057198138,0.5043342057198137
1822,14,0.27294370530589307,0.6589443951138523
1823,15,0.26444251705892496,0.10953567703388527
1824,15,0.10953567703388528,0.26444251705892496
1825,15,0.1190430308450431,-0.04930923788201563
1826,15,2.9296857498632844e-17,0.47845399210662953
1827,16,-0.47845399210662953,5.859371499726569e-17
1828,15,-0.44203385055563177,0.18309641592814463
1829,15,-0.6589443951138523,0.2729437053058931
1830,15,-0.6589443951138523,0.2729437053058931
1831,13,-0.6589443951138523,0.2729437053058931
1832,13,-0.3826834323650897,0.9238795325112867
1833,14,6.123233995736766e-17,1.0
1834,15,6.123233995736766e-17,1.0
1835,15,6.123233995736766e-17,1.0
1836,15,6.123233995736766e-17,1.0
1837,13,6.123233995736766e-17,1.0
1838,13,6.123233995736766e-17,1.0
1839,11,6.123233995736766e-17,1.0
1840,9,-0.3826834323650897,0.9238795325112867
1841,8,6.123233995736766e-17,1.0
1842,7,6.123233995736766e-17,1.0
1843,3,6.123233995736766e-17,1.0
1844,4,6.123233995736766e-17,1.0
1845,4,-0.3826834323650897,0.9238795325112867
1846,5,-0.3826834323650897,0.9238795325112867
1847,5,-0.3826834323650897,0.9238795325112867
1848,5,-0.3826834323650897,0.9238795325112867
1849,4,-0.3826834323650897,0.9238795325112867
1850,4,-0.3826834323650897,0.9238795325112867
1851,2,-0.3826834323650897,0.9238795325112867
1852,3,-5.2579693132891015e-17,-0.2862305178902687
1853,3,0.10953567703388534,-0.2644425170589249
1854,3,0.7071067811865476,0.7071067811865475
1855,3,0.7071067811865476,0.7071067811865475
1856,2,-0.10953567703388542,-0.2644425170589249
1857,3,-0.26444251705892496,0.1095356770338853
1858,3,0.2862305178902687,0.0
1859,3,0.26444251705892496,0.10953567703388527
1860,5,-0.3383180623043726,0.33831806230437267
1861,5,-0.6589443951138523,0.2729437053058931
1862,5,-0.2862305178902687,3.505312875526068e-17
1863,5,-0.44203385055563177,0.18309641592814463
1864,5,-0.6589443951138523,0.2729437053058931
1865,6,-0.7071067811865475,0.7071067811865476
1866,7,-0.7071067811865475,0.7071067811865476
1867,7,-0.7132362736976232,8.734625196195798e-17
1868,7,-0.6589443951138523,0.2729437053058931
1869,7,-0.7071067811865475,0.7071067811865476
1870,7,-0.7071067811865475,0.7071067811865476
1871,9,-0.5043342057198137,0.5043342057198138
1872,10,-0.6589443951138523,0.2729437053058931
1873,10,-0.7071067811865475,0.7071067811865476
1874,11,-0.3826834323650897,0.9238795325112867
1875,11,6.123233995736766e-17,1.0
1876,11,-0.3826834323650897,0.9238795325112867
1877,11,-0.3826834323650897,0.9238795325112867
1878,12,6.123233995736766e-17,1.0
1879,13,-0.3826834323650897,0.9238795325112867
1880,12,-0.7071067811865475,0.7071067811865476
1881,10,-0.7071067811865475,0.7071067811865476
1882,9,-0.3826834323650897,0.9238795325112867
1883,8,0.38268343236508984,0.9238795325112867
1884,9,0.38268343236508984,0.9238795325112867
1885,9,0.7071067811865476,0.7071067811865475
1886,10,0.38268343236508984,0.9238795325112867
1887,8,0.38268343236508984,0.9238795325112867
1888,8,0.38268343236508984,0.9238795325112867
1889,8,0.7071067811865476,0.7071067811865475
1890,8,0.7071067811865476,0.7071067811865475
1891,7,0.7071067811865476,0.7071067811865475
1892,8,0.7071067811865476,0.7071067811865475
1893,7,0.38268343236508984,0.9238795325112867
1894,7,0.7071067811865476,0.7071067811865475
1895,7,0.7071067811865476,0.7071067811865475
1896,6,0.38268343236508984,0.9238795325112867
1897,6,0.38268343236508984,0.9238795325112867
1898,6,0.38268343236508984,0.9238795325112867
1899,4,0.38268343236508984,0.9238795325112867
1900,3,0.38268343236508984,0.9238795325112867
1901,3,0.7071067811865476,0.7071067811865475
1902,3,6.123233995736766e-17,1.0
1903,5,0.1830964159281446,0.44203385055563177
1904,5,0.18309641592814466,-0.4420338505556317
1905,5,0.27294370530589324,-0.6589443951138522
1906,4,0.33831806230437256,-0.3383180623043727
1907,3,0.7071067811865476,0.7071067811865475
1908,3,0.5043342057198138,0.5043342057198137
1909,3,0.5043342057198138,0.5043342057198137
1910,4,0.33831806230437267,0.3383180623043726
1911,4,0.38268343236508984,0.9238795325112867
1912,4,-0.3383180623043727,-0.3383180623043726
1913,4,0.38268343236508984,0.9238795325112867
1914,4,-0.3383180623043727,-0.3383180623043726
1915,4,-0.18309641592814482,-0.44203385055563166
1916,5,6.123233995736766e-17,1.0
1917,5,-0.18309641592814482,-0.44203385055563166
1918,5,-0.20239554018274647,-0.2023955401827464
1919,8,4.367312598097899e-17,0.7132362736976232
1920,9,4.367312598097899e-17,0.7132362736976232
1921,9,-0.18309641592814482,-0.44203385055563166
1922,9,-0.272943705305893,0.6589443951138523
1923,10,-0.272943705305893,0.6589443951138523
1924,11,-0.18309641592814455,0.44203385055563177
1925,11,-0.3383180623043726,0.33831806230437267
1926,11,-0.27294370530589346,-0.6589443951138522
1927,10,-0.18309641592814455,0.44203385055563177
1928,10,-0.18309641592814455,0.44203385055563177
1929,13,0.1830964159281446,0.44203385055563177
1930,13,-0.04930923788201554,0.11904303084504313
1931,13,-0.10953567703388525,0.26444251705892496
1932,13,1.752656437763034e-17,0.2862305178902687
1933,14,2.9296857498632844e-17,0.47845399210662953
1934,14,0.1830964159281446,0.44203385055563177
1935,15,0.1830964159281446,0.44203385055563177
1936,17,0.10953567703388528,0.26444251705892496
1937,17,2.9296857498632844e-17,0.47845399210662953
1938,17,-0.272943705305893,0.6589443951138523
1939,18,0.10953567703388528,0.26444251705892496
1940,18,7.88986342672337e-18,0.12885124808584156
1941,18,0.20239554018274641,0.2023955401827464
1942,16,7.88986342672337e-18,0.12885124808584156
1943,17,-0.04930923788201554,0.11904303084504313
1944,16,-0.18309641592814455,0.44203385055563177
1945,16,-0.6589443951138523,0.2729437053058931
1946,15,-0.11904303084504314,-0.049309237882015536
1947,15,-0.26444251705892496,-0.10953567703388524
1948,12,-1.0,1.2246467991473532e-16
1949,10,-0.9238795325112867,0.3826834323650899
1950,9,-0.9238795325112867,0.3826834323650899
1951,7,-0.9238795325112867,0.3826834323650899
1952,8,-1.0,1.2246467991473532e-16
1953,8,-1.0,1.2246467991473532e-16
1954,8,0.26444251705892496,0.10953567703388527
1955,7,-0.2862305178902687,3.505312875526068e-17
1956,7,-0.18309641592814455,0.44203385055563177
1957,8,0.7071067811865476,0.7071067811865475
1958,8,6.123233995736766e-17,1.0
1959,6,6.123233995736766e-17,1.0
1960,7,6.123233995736766e-17,1.0
1961,7,6.123233995736766e-17,1.0
1962,7,6.123233995736766e-17,1.0
1963,7,6.123233995736766e-17,1.0
1964,7,0.38268343236508984,0.9238795325112867
1965,9,0.38268343236508984,0.9238795325112867
1966,10,0.38268343236508984,0.9238795325112867
1967,9,0.38268343236508984,0.9238795325112867
1968,10,0.38268343236508984,0.9238795325112867
1969,10,0.38268343236508984,0.9238795325112867
1970,8,0.38268343236508984,0.9238795325112867
1971,9,0.7071067811865476,0.7071067811865475
1972,8,0.7071067811865476,0.7071067811865475
1973,8,0.38268343236508984,0.9238795325112867
1974,6,6.123233995736766e-17,1.0
1975,5,0.38268343236508984,0.9238795325112867
1976,4,6.123233995736766e-17,1.0
1977,6,6.123233995736766e-17,1.0
1978,7,-0.47845399210662953,5.859371499726569e-17
1979,6,-0.47845399210662953,5.859371499726569e-17
1980,7,-0.3383180623043726,0.33831806230437267
1981,7,-0.3383180623043726,0.33831806230437267
1982,7,0.10953567703388528,0.26444251705892496
1983,7,-0.26444251705892496,0.1095356770338853
1984,7,0.18309641592814466,-0.4420338505556317
1985,7,0.33831806230437256,-0.3383180623043727
1986,6,0.5043342057198138,0.5043342057198137
1987,7,-5.2579693132891015e-17,-0.2862305178902687
1988,8,0.5043342057198138,0.5043342057198137
1989,8,-5.2579693132891015e-17,-0.2862305178902687
1990,8,0.27294370530589307,0.6589443951138523
1991,8,0.12885124808584156,0.0
1992,8,0.27294370530589307,0.6589443951138523
1993,8,0.27294370530589307,0.6589443951138523
1994,8,-0.20239554018274647,-0.2023955401827464
1995,8,-0.18309641592814482,-0.44203385055563166
1996,8,0.27294370530589307,0.6589443951138523
1997,9,-0.18309641592814482,-0.44203385055563166
1998,8,4.367312598097899e-17,0.7132362736976232
1999,8,-0.18309641592814482,-0.44203385055563166
2000,10,4.367312598097899e-17,0.7132362736976232
2001,10,2.9296857498632844e-17,0.47845399210662953
2002,10,-0.5043342057198137,0.5043342057198138
2003,10,2.9296857498632844e-17,0.47845399210662953
2004,10,2.9296857498632844e-17,0.47845399210662953
2005,10,1.752656437763034e-17,0.2862305178902687
2006,11,-0.7071067811865475,0.7071067811865476
2007,12,0.1830964159281446,0.44203385055563177
2008,13,-0.5043342057198137,0.5043342057198138
2009,13,-0.2023955401827464,0.20239554018274641
2010,13,-0.2023955401827464,0.20239554018274641
2011,11,-0.2023955401827464,0.20239554018274641
2012,12,0.1830964159281446,0.44203385055563177
2013,13,0.1830964159281446,0.44203385055563177
2014,14,-0.18309641592814455,0.44203385055563177
2015,13,-0.18309641592814455,0.44203385055563177
2016,13,0.0,0.0
2017,12,0.33831806230437267,0.3383180623043726
2018,14,6.123233995736766e-17,1.0
2019,15,0.6589443951138523,0.27294370530589307
2020,17,0.6589443951138523,0.27294370530589307
2021,17,0.6589443951138523,0.27294370530589307
2022,16,0.6589443951138523,0.27294370530589307
2023,16,0.6589443951138523,0.27294370530589307
2024,15,1.0,0.0
2025,15,0.9238795325112867,0.3826834323650898
2026,15,0.38268343236508984,0.9238795325112867
2027,15,6.123233995736766e-17,1.0
2028,16,-0.3826834323650897,0.9238795325112867
2029,16,-0.3826834323650897,0.9238795325112867
2030,15,-0.3826834323650897,0.9238795325112867
2031,12,6.123233995736766e-17,1.0
2032,13,6.123233995736766e-17,1.0
2033,14,6.123233995736766e-17,1.0
2034,12,6.123233995736766e-17,1.0
2035,11,6.123233995736766e-17,1.0
2036,9,-0.3826834323650897,0.9238795325112867
2037,8,-0.3826834323650897,0.9238795325112867
2038,8,-0.3826834323650897,0.9238795325112867
2039,7,-0.3826834323650897,0.9238795325112867
2040,7,-0.3826834323650897,0.9238795325112867
2041,7,-0.3826834323650897,0.9238795325112867
2042,6,6.123233995736766e-17,1.0
2043,6,-0.3826834323650897,0.9238795325112867
2044,6,-0.3826834323650897,0.9238795325112867
2045,6,6.123233995736766e-17,1.0
2046,5,-0.7071067811865475,0.7071067811865476
2047,7,-0.7071067811865475,0.7071067811865476
2048,7,0.10953567703388528,0.26444251705892496
2049,7,0.10953567703388528,0.26444251705892496
2050,7,0.10953567703388528,0.26444251705892496
2051,7,-0.27294370530589346,-0.6589443951138522
2052,7,-0.10953567703388542,-0.2644425170589249
2053,7,0.5043342057198138,0.5043342057198137
2054,7,-0.10953567703388542,-0.2644425170589249
2055,7,4.367312598097899e-17,0.7132362736976232
2056,7,4.367312598097899e-17,0.7132362736976232
2057,7,-0.18309641592814482,-0.44203385055563166
2058,7,6.123233995736766e-17,1.0
2059,7,0.27294370530589307,0.6589443951138523
2060,7,0.10953567703388534,-0.2644425170589249
2061,6,0.7071067811865476,0.7071067811865475
2062,6,0.27294370530589324,-0.6589443951138522
2063,7,0.38268343236508984,0.9238795325112867
2064,10,0.7071067811865476,0.7071067811865475
2065,10,0.5043342057198138,0.5043342057198137
2066,12,2.9296857498632844e-17,0.47845399210662953
2067,13,0.1830964159281446,0.44203385055563177
2068,13,0.5043342057198138,0.5043342057198137
2069,15,0.6589443951138523,0.27294370530589307
2070,14,0.6589443951138523,0.27294370530589307
2071,13,0.33831806230437267,0.3383180623043726
2072,13,0.5043342057198138,0.5043342057198137
2073,13,0.1830964159281446,0.44203385055563177
2074,16,4.367312598097899e-17,0.7132362736976232
2075,17,0.5043342057198138,0.5043342057198137
2076,17,4.367312598097899e-17,0.7132362736976232
2077,17,0.27294370530589307,0.6589443951138523
2078,17,1.752656437763034e-17,0.2862305178902687
2079,16,-0.6589443951138523,0.2729437053058931
2080,16,-0.3826834323650897,0.9238795325112867
2081,16,0.44203385055563177,0.18309641592814457
2082,16,-0.6589443951138523,0.2729437053058931
2083,16,-0.6589443951138523,0.2729437053058931
2084,16,-0.6589443951138523,0.2729437053058931
2085,15,-0.272943705305893,0.6589443951138523
2086,15,-0.272943705305893,0.6589443951138523
2087,16,-0.3826834323650897,0.9238795325112867
2088,16,6.123233995736766e-17,1.0
2089,15,6.123233995736766e-17,1.0
2090,14,6.123233995736766e-17,1.0
2091,14,-0.3826834323650897,0.9238795325112867
2092,11,6.123233995736766e-17,1.0
2093,10,6.123233995736766e-17,1.0
2094,8,-0.3826834323650897,0.9238795325112867
2095,8,6.123233995736766e-17,1.0
2096,7,6.123233995736766e-17,1.0
2097,7,6.123233995736766e-17,1.0
2098,7,-0.3826834323650897,0.9238795325112867
2099,6,6.123233995736766e-17,1.0
2100,6,-0.3826834323650897,0.9238795325112867
2101,6,6.123233995736766e-17,1.0
2102,7,-0.3826834323650897,0.9238795325112867
2103,2,-0.5043342057198137,0.5043342057198138
2104,2,6.123233995736766e-17,1.0
2105,2,0.27294370530589324,-0.6589443951138522
2106,2,0.7071067811865476,0.7071067811865475
2107,4,0.5043342057198138,0.5043342057198137
2108,4,0.5043342057198138,0.5043342057198137
2109,4,-0.3383180623043727,-0.3383180623043726
2110,3,-0.20239554018274647,-0.2023955401827464
2111,3,0.7071067811865476,0.7071067811865475
2112,3,-0.10953567703388542,-0.2644425170589249
2113,4,-0.272943705305893,0.6589443951138523
2114,3,-0.10953567703388542,-0.2644425170589249
2115,4,-0.18309641592814455,0.44203385055563177
2116,4,-0.10953567703388525,0.26444251705892496
2117,4,-0.18309641592814455,0.44203385055563177
2118,4,-0.18309641592814455,0.44203385055563177
2119,5,-0.18309641592814455,0.44203385055563177
2120,7,-0.3826834323650897,0.9238795325112867
2121,8,-0.3826834323650897,0.9238795325112867
2122,10,-0.272943705305893,0.6589443951138523
2123,11,-0.7071067811865475,0.7071067811865476
2124,13,-0.7071067811865475,0.7071067811865476
2125,13,-1.8369701987210297e-16,-1.0
2126,16,6.123233995736766e-17,1.0
2127,16,0.20239554018274641,0.2023955401827464
2128,16,0.1190430308450431,-0.04930923788201563
2129,16,0.1830964159281446,0.44203385055563177
2130,16,0.33831806230437267,0.3383180623043726
2131,16,0.5043342057198138,0.5043342057198137
2132,15,0.33831806230437267,0.3383180623043726
2133,15,0.20239554018274636,-0.20239554018274647
2134,14,0.33831806230437256,-0.3383180623043727
2135,14,0.33831806230437256,-0.3383180623043727
2136,14,0.44203385055563166,-0.18309641592814485
2137,14,0.7071067811865476,0.7071067811865475
2138,13,6.123233995736766e-17,1.0
2139,14,6.123233995736766e-17,1.0
2140,15,6.123233995736766e-17,1.0
2141,15,6.123233995736766e-17,1.0
2142,16,6.123233995736766e-17,1.0
2143,17,6.123233995736766e-17,1.0
2144,17,6.123233995736766e-17,1.0
2145,18,6.123233995736766e-17,1.0
2146,18,6.123233995736766e-17,1.0
2147,18,6.123233995736766e-17,1.0
2148,18,6.123233995736766e-17,1.0
2149,16,6.123233995736766e-17,1.0
2150,16,-0.3826834323650897,0.9238795325112867
2151,14,6.123233995736766e-17,1.0
2152,11,-0.3826834323650897,0.9238795325112867
2153,9,6.123233995736766e-17,1.0
2154,9,-0.3826834323650897,0.9238795325112867
2155,8,6.123233995736766e-17,1.0
2156,8,-0.3826834323650897,0.9238795325112867
2157,6,6.123233995736766e-17,1.0
2158,5,-0.3826834323650897,0.9238795325112867
2159,4,-0.5043342057198137,0.5043342057198138
2160,4,-0.9238795325112867,0.3826834323650899
2161,3,0.7071067811865476,0.7071067811865475
2162,4,-0.7071067811865475,0.7071067811865476
2163,4,-0.7071067811865475,0.7071067811865476
2164,4,0.5043342057198138,0.5043342057198137
2165,4,0.5043342057198138,0.5043342057198137
2166,4,-0.04930923788201554,0.11904303084504313
2167,5,0.5043342057198138,0.5043342057198137
2168,6,0.0,0.0
2169,6,0.5043342057198138,0.5043342057198137
2170,6,0.27294370530589324,-0.6589443951138522
2171,5,0.27294370530589324,-0.6589443951138522
2172,4,-1.3101937794293696e-16,-0.7132362736976232
2173,4,0.7071067811865476,0.7071067811865475
2174,4,0.7071067811865476,0.7071067811865475
2175,5,-1.3101937794293696e-16,-0.7132362736976232
2176,7,0.38268343236508984,0.9238795325112867
2177,7,-1.3101937794293696e-16,-0.7132362736976232
2178,7,4.367312598097899e-17,0.7132362736976232
2179,7,-1.3101937794293696e-16,-0.7132362736976232
2180,9,-0.272943705305893,0.6589443951138523
2181,12,6.123233995736766e-17,1.0
2182,12,-0.26444251705892496,-0.10953567703388524
2183,12,-0.47845399210662953,5.859371499726569e-17
2184,13,-0.26444251705892496,0.1095356770338853
2185,13,-0.27294370530589346,-0.6589443951138522
2186,11,-1.3101937794293696e-16,-0.7132362736976232
2187,12,-0.3826834323650897,0.9238795325112867
2188,12,0.20239554018274641,0.2023955401827464
2189,12,-0.9238795325112867,0.3826834323650899
2190,12,-0.7071067811865475,0.7071067811865476
2191,13,-0.7071067811865475,0.7071067811865476
2192,13,-0.9238795325112868,-0.38268343236508967
2193,13,-0.7071067811865475,0.7071067811865476
2194,12,6.123233995736766e-17,1.0
2195,12,6.123233995736766e-17,1.0
2196,12,6.123233995736766e-17,1.0
2197,10,-0.272943705305893,0.6589443951138523
2198,10,-0.9238795325112867,0.3826834323650899
2199,9,-0.3826834323650897,0.9238795325112867
2200,9,-0.7071067811865475,0.7071067811865476
2201,8,-0.9238795325112867,0.3826834323650899
2202,9,-0.7071067811865475,0.7071067811865476
2203,7,-0.7071067811865475,0.7071067811865476
2204,6,-0.3826834323650897,0.9238795325112867
2205,6,6.123233995736766e-17,1.0
2206,5,0.38268343236508984,0.9238795325112867
2207,5,0.38268343236508984,0.9238795325112867
2208,5,0.38268343236508984,0.9238795325112867
2209,4,0.38268343236508984,0.9238795325112867
2210,4,0.7071067811865476,0.7071067811865475
2211,3,0.7071067811865476,0.7071067811865475
2212,3,0.7071067811865476,0.7071067811865475
2213,4,0.7071067811865476,0.7071067811865475
2214,4,0.7071067811865476,0.7071067811865475
2215,2,0.7071067811865476,0.7071067811865475
2216,4,0.7071067811865476,0.7071067811865475
2217,5,0.7071067811865476,0.7071067811865475
2218,5,0.38268343236508984,0.9238795325112867
2219,6,0.38268343236508984,0.9238795325112867
2220,6,0.38268343236508984,0.9238795325112867
2221,6,0.38268343236508984,0.9238795325112867
2222,5,6.123233995736766e-17,1.0
2223,5,-0.4420338505556318,-0.18309641592814452
2224,5,0.27294370530589324,-0.6589443951138522
2225,5,0.33831806230437256,-0.3383180623043727
2226,5,0.20239554018274636,-0.20239554018274647
2227,5,0.47845399210662953,0.0
2228,6,0.6589443951138523,0.27294370530589307
2229,6,0.6589443951138523,0.27294370530589307
2230,7,0.5043342057198138,0.5043342057198137
2231,8,0.27294370530589307,0.6589443951138523
2232,8,0.27294370530589307,0.6589443951138523
2233,7,-0.3383180623043726,0.33831806230437267
2234,7,-0.20239554018274647,-0.2023955401827464
2235,8,-0.5043342057198137,0.5043342057198138
2236,8,-0.20239554018274647,-0.2023955401827464
2237,8,6.123233995736766e-17,1.0
2238,9,-0.9238795325112867,0.3826834323650899
2239,9,-0.7071067811865475,0.7071067811865476
2240,11,-0.9238795325112867,0.3826834323650899
2241,10,-0.9238795325112867,0.3826834323650899
2242,10,-0.5043342057198137,0.5043342057198138
2243,10,-0.7071067811865475,0.7071067811865476
2244,11,-0.5043342057198137,0.5043342057198138
2245,10,-0.6589443951138523,0.2729437053058931
2246,9,-0.7071067811865475,0.7071067811865476
2247,11,-0.3826834323650897,0.9238795325112867
2248,12,6.123233995736766e-17,1.0
2249,13,-0.3826834323650897,0.9238795325112867
2250,14,-0.3826834323650897,0.9238795325112867
2251,14,-0.11904303084504313,0.049309237882015564
2252,14,7.88986342672337e-18,0.12885124808584156
2253,13,-0.5043342057198137,0.5043342057198138
2254,14,4.367312598097899e-17,0.7132362736976232
2255,14,6.123233995736766e-17,1.0
2256,14,7.88986342672337e-18,0.12885124808584156
2257,14,-0.3826834323650897,0.9238795325112867
2258,14,-0.3826834323650897,0.9238795325112867
2259,14,-0.272943705305893,0.6589443951138523
2260,16,0.38268343236508984,0.9238795325112867
2261,14,0.1830964159281446,0.44203385055563177
2262,12,-0.272943705305893,0.6589443951138523
2263,12,0.38268343236508984,0.9238795325112867
2264,13,0.6589443951138523,0.27294370530589307
2265,14,0.7132362736976232,0.0
2266,14,0.6589443951138523,0.27294370530589307
2267,13,0.38268343236508984,0.9238795325112867
2268,13,0.7071067811865476,0.7071067811865475
2269,14,0.7071067811865476,0.7071067811865475
2270,14,0.7071067811865476,0.7071067811865475
2271,14,0.38268343236508984,0.9238795325112867
2272,14,0.38268343236508984,0.9238795325112867
2273,12,0.38268343236508984,0.9238795325112867
2274,11,0.38268343236508984,0.9238795325112867
2275,11,0.38268343236508984,0.9238795325112867
2276,9,6.123233995736766e-17,1.0
2277,9,6.123233995736766e-17,1.0
2278,7,6.123233995736766e-17,1.0
2279,6,6.123233995736766e-17,1.0
2280,3,6.123233995736766e-17,1.0
2281,3,-0.3826834323650897,0.9238795325112867
2282,4,-0.3826834323650897,0.9238795325112867
2283,4,0.5043342057198138,0.5043342057198137
2284,5,-0.3826834323650897,0.9238795325112867
2285,6,0.5043342057198138,0.5043342057198137
2286,7,0.20239554018274641,0.2023955401827464
2287,7,0.10953567703388528,0.26444251705892496
2288,7,0.20239554018274641,0.2023955401827464
2289,7,0.09111159128584873,0.09111159128584871
2290,7,-0.10953567703388542,-0.2644425170589249
2291,7,0.20239554018274636,-0.20239554018274647
2292,6,-8.789057249589852e-17,-0.47845399210662953
2293,6,0.44203385055563166,-0.18309641592814485
2294,6,0.33831806230437256,-0.3383180623043727
2295,7,0.5043342057198138,0.5043342057198137
2296,7,-8.789057249589852e-17,-0.47845399210662953
2297,6,-8.789057249589852e-17,-0.47845399210662953
2298,6,-0.18309641592814482,-0.44203385055563166
2299,6,-0.18309641592814482,-0.44203385055563166
2300,6,-0.20239554018274647,-0.2023955401827464
2301,6,-0.18309641592814455,0.44203385055563177
2302,6,-0.3383180623043726,0.33831806230437267
2303,8,-0.3383180623043726,0.33831806230437267
2304,8,-0.3383180623043726,0.33831806230437267
2305,8,-0.7071067811865475,0.7071067811865476
2306,10,-0.3826834323650897,0.9238795325112867
2307,11,-0.3826834323650897,0.9238795325112867
2308,11,1.752656437763034e-17,0.2862305178902687
2309,15,4.367312598097899e-17,0.7132362736976232
2310,15,0.33831806230437267,0.3383180623043726
2311,15,0.04930923788201558,-0.11904303084504311
2312,15,-0.38268343236509034,-0.9238795325112865
2313,13,-0.10953567703388542,-0.2644425170589249
2314,14,0.1830964159281446,0.44203385055563177
2315,14,0.26444251705892496,0.10953567703388527
2316,14,0.47845399210662953,0.0
2317,15,0.6589443951138523,0.27294370530589307
2318,15,0.44203385055563177,0.18309641592814457
2319,16,0.1830964159281446,0.44203385055563177
2320,16,6.123233995736766e-17,1.0
2321,16,0.5043342057198138,0.5043342057198137
2322,17,0.7071067811865476,0.7071067811865475
2323,17,0.7071067811865476,0.7071067811865475
2324,16,0.7071067811865476,0.7071067811865475
2325,17,0.7071067811865476,0.7071067811865475
2326,17,0.7071067811865476,0.7071067811865475
2327,17,0.38268343236508984,0.9238795325112867
2328,16,-0.3826834323650897,0.9238795325112867
2329,16,6.123233995736766e-17,1.0
2330,17,6.123233995736766e-17,1.0
2331,14,6.123233995736766e-17,1.0
2332,13,6.123233995736766e-17,1.0
2333,14,-0.3826834323650897,0.9238795325112867
2334,12,-0.3826834323650897,0.9238795325112867
2335,9,-0.3826834323650897,0.9238795325112867
2336,9,-0.3826834323650897,0.9238795325112867
2337,9,-0.3826834323650897,0.9238795325112867
2338,7,-0.3826834323650897,0.9238795325112867
2339,8,6.123233995736766e-17,1.0
2340,5,6.123233995736766e-17,1.0
2341,5,6.123233995736766e-17,1.0
2342,5,-0.3826834323650897,0.9238795325112867
2343,5,-0.3826834323650897,0.9238795325112867
2344,5,-0.7071067811865475,0.7071067811865476
2345,5,-0.3826834323650897,0.9238795325112867
2346,6,6.123233995736766e-17,1.0
2347,4,-0.4420338505556318,-0.18309641592814452
2348,4,-0.4420338505556318,-0.18309641592814452
2349,4,0.18309641592814466,-0.4420338505556317
2350,4,0.7071067811865476,0.7071067811865475
2351,4,0.10953567703388534,-0.2644425170589249
2352,3,0.44203385055563177,0.18309641592814457
2353,4,0.44203385055563177,0.18309641592814457
2354,4,0.44203385055563177,0.18309641592814457
2355,4,6.123233995736766e-17,1.0
2356,4,6.123233995736766e-17,1.0
2357,4,-0.20239554018274647,-0.2023955401827464
2358,5,6.123233995736766e-17,1.0
2359,5,-0.18309641592814482,-0.44203385055563166
2360,5,-0.272943705305893,0.6589443951138523
2361,5,-0.7071067811865475,0.7071067811865476
2362,7,-0.7071067811865475,0.7071067811865476
2363,7,-0.18309641592814482,-0.44203385055563166
2364,9,-0.7071067811865475,0.7071067811865476
2365,9,-0.7071067811865475,0.7071067811865476
2366,10,-0.7071067811865475,0.7071067811865476
2367,11,-0.7071067811865475,0.7071067811865476
2368,14,-0.7071067811865475,0.7071067811865476
2369,14,-0.04930923788201554,0.11904303084504313
2370,15,-0.7071067811865475,0.7071067811865476
2371,14,-0.3826834323650897,0.9238795325112867
2372,16,-0.3826834323650897,0.9238795325112867
2373,16,6.123233995736766e-17,1.0
2374,15,2.9296857498632844e-17,0.47845399210662953
2375,15,1.752656437763034e-17,0.2862305178902687
2376,14,1.752656437763034e-17,0.2862305178902687
2377,14,-0.10953567703388525,0.26444251705892496
2378,13,1.752656437763034e-17,0.2862305178902687
2379,15,0.26444251705892496,0.10953567703388527
2380,14,0.26444251705892496,0.10953567703388527
2381,14,0.47845399210662953,0.0
2382,16,0.44203385055563177,0.18309641592814457
2383,15,0.7132362736976232,0.0
2384,13,0.7132362736976232,0.0
2385,13,0.33831806230437267,0.3383180623043726
2386,13,0.2862305178902687,0.0
2387,12,-0.04930923788201554,0.11904303084504313
2388,12,1.752656437763034e-17,0.2862305178902687
2389,11,0.04930923788201556,0.11904303084504313
2390,10,0.09111159128584873,0.09111159128584871
2391,10,0.26444251705892496,0.10953567703388527
2392,11,0.38268343236508984,0.9238795325112867
2393,12,0.38268343236508984,0.9238795325112867
2394,14,6.123233995736766e-17,1.0
2395,14,6.123233995736766e-17,1.0
2396,12,6.123233995736766e-17,1.0
2397,13,6.123233995736766e-17,1.0
2398,12,6.123233995736766e-17,1.0
2399,11,0.38268343236508984,0.9238795325112867
2400,9,6.123233995736766e-17,1.0
2401,10,0.38268343236508984,0.9238795325112867
2402,10,0.38268343236508984,0.9238795325112867
2403,11,6.123233995736766e-17,1.0
2404,9,6.123233995736766e-17,1.0
2405,9,6.123233995736766e-17,1.0
2406,9,6.123233995736766e-17,1.0
2407,8,6.123233995736766e-17,1.0
2408,8,6.123233995736766e-17,1.0
2409,5,-0.10953567703388525,0.26444251705892496
2410,5,1.752656437763034e-17,0.2862305178902687
2411,5,1.752656437763034e-17,0.2862305178902687
2412,5,1.752656437763034e-17,0.2862305178902687
2413,5,1.752656437763034e-17,0.2862305178902687
2414,5,0.18309641592814466,-0.4420338505556317
2415,3,-1.3101937794293696e-16,-0.7132362736976232
2416,4,0.18309641592814466,-0.4420338505556317
2417,3,0.5043342057198137,-0.5043342057198139
2418,4,0.47845399210662953,0.0
2419,4,0.44203385055563177,0.18309641592814457
2420,6,0.33831806230437267,0.3383180623043726
2421,6,4.367312598097899e-17,0.7132362736976232
2422,6,4.367312598097899e-17,0.7132362736976232
2423,6,2.9296857498632844e-17,0.47845399210662953
2424,6,2.9296857498632844e-17,0.47845399210662953
2425,6,-0.20239554018274647,-0.2023955401827464
2426,6,4.367312598097899e-17,0.7132362736976232
2427,8,0.27294370530589307,0.6589443951138523
2428,8,-0.18309641592814482,-0.44203385055563166
2429,8,0.27294370530589307,0.6589443951138523
2430,8,0.27294370530589307,0.6589443951138523
2431,8,-0.18309641592814482,-0.44203385055563166
2432,9,0.27294370530589307,0.6589443951138523
2433,9,-0.18309641592814482,-0.44203385055563166
2434,11,4.367312598097899e-17,0.7132362736976232
2435,11,2.9296857498632844e-17,0.47845399210662953
2436,13,2.9296857498632844e-17,0.47845399210662953
2437,13,-0.18309641592814482,-0.44203385055563166
2438,12,2.9296857498632844e-17,0.47845399210662953
2439,12,2.9296857498632844e-17,0.47845399210662953
2440,12,1.752656437763034e-17,0.2862305178902687
2441,14,1.752656437763034e-17,0.2862305178902687
2442,15,4.367312598097899e-17,0.7132362736976232
2443,15,0.1830964159281446,0.44203385055563177
2444,15,7.88986342672337e-18,0.12885124808584156
2445,14,0.33831806230437267,0.3383180623043726
2446,14,0.5043342057198138,0.5043342057198137
2447,15,0.7071067811865476,0.7071067811865475
2448,15,0.7071067811865476,0.7071067811865475
2449,14,0.9238795325112867,0.3826834323650898
2450,14,0.7071067811865476,0.7071067811865475
2451,13,0.5043342057198138,0.5043342057198137
2452,12,0.1830964159281446,0.44203385055563177
2453,13,0.1830964159281446,0.44203385055563177
2454,13,0.1830964159281446,0.44203385055563177
2455,13,-0.7071067811865475,0.7071067811865476
2456,15,-0.3826834323650897,0.9238795325112867
2457,14,-0.3826834323650897,0.9238795325112867
2458,14,-0.3826834323650897,0.9238795325112867
2459,14,0.27294370530589324,-0.6589443951138522
2460,14,-0.3826834323650897,0.9238795325112867
2461,13,0.2644425170589249,-0.10953567703388545
2462,11,-0.3826834323650897,0.9238795325112867
2463,7,-0.09111159128584871,0.09111159128584873
2464,6,-0.18309641592814455,0.44203385055563177
2465,6,1.752656437763034e-17,0.2862305178902687
2466,7,1.752656437763034e-17,0.2862305178902687
2467,8,2.9296857498632844e-17,0.47845399210662953
2468,5,-0.3826834323650897,0.9238795325112867
2469,6,-0.272943705305893,0.6589443951138523
2470,4,-0.3826834323650897,0.9238795325112867
2471,5,-0.3826834323650897,0.9238795325112867
2472,6,-0.3826834323650897,0.9238795325112867
2473,5,-0.3826834323650897,0.9238795325112867
2474,7,-0.3826834323650897,0.9238795325112867
2475,7,-0.3826834323650897,0.9238795325112867
2476,8,-0.3826834323650897,0.9238795325112867
2477,10,-0.3826834323650897,0.9238795325112867
2478,10,6.123233995736766e-17,1.0
2479,9,6.123233995736766e-17,1.0
2480,9,-0.3826834323650897,0.9238795325112867
2481,3,-0.26444251705892496,0.1095356770338853
2482,4,0.33831806230437256,-0.3383180623043727
2483,4,0.33831806230437256,-0.3383180623043727
2484,4,0.7071067811865476,0.7071067811865475
2485,4,0.33831806230437256,-0.3383180623043727
2486,5,0.5043342057198138,0.5043342057198137
2487,4,0.5043342057198138,0.5043342057198137
2488,4,0.27294370530589307,0.6589443951138523
2489,6,-0.26444251705892496,-0.10953567703388524
2490,7,6.123233995736766e-17,1.0
2491,7,-0.20239554018274647,-0.2023955401827464
2492,7,-0.20239554018274647,-0.2023955401827464
2493,7,-0.6589443951138523,0.2729437053058931
2494,7,-0.3383180623043726,0.33831806230437267
2495,7,-0.3383180623043726,0.33831806230437267
2496,7,-0.18309641592814455,0.44203385055563177
2497,6,-0.7071067811865475,0.7071067811865476
2498,6,-0.7071067811865475,0.7071067811865476
2499,8,-0.272943705305893,0.6589443951138523
2500,10,-0.7071067811865475,0.7071067811865476
2501,10,-0.18309641592814455,0.44203385055563177
2502,11,-0.3383180623043726,0.33831806230437267
2503,12,1.752656437763034e-17,0.2862305178902687
2504,12,1.752656437763034e-17,0.2862305178902687
2505,11,-0.6589443951138523,0.2729437053058931
2506,10,-0.6589443951138523,0.2729437053058931
2507,11,1.752656437763034e-17,0.2862305178902687
2508,12,-0.9238795325112867,0.3826834323650899
2509,13,-0.3826834323650897,0.9238795325112867
2510,13,6.123233995736766e-17,1.0
2511,14,-0.7071067811865475,0.7071067811865476
2512,15,-0.7071067811865475,0.7071067811865476
2513,14,-0.7071067811865475,0.7071067811865476
2514,14,-0.3826834323650897,0.9238795325112867
2515,14,-0.3826834323650897,0.9238795325112867
2516,15,0.1830964159281446,0.44203385055563177
2517,15,0.1830964159281446,0.44203385055563177
2518,15,0.1830964159281446,0.44203385055563177
2519,15,0.33831806230437267,0.3383180623043726
2520,14,0.1830964159281446,0.44203385055563177
2521,14,0.38268343236508984,0.9238795325112867
2522,14,6.123233995736766e-17,1.0
2523,13,0.27294370530589307,0.6589443951138523
2524,12,2.9296857498632844e-17,0.47845399210662953
2525,11,0.38268343236508984,0.9238795325112867
2526,11,0.38268343236508984,0.9238795325112867
2527,9,0.38268343236508984,0.9238795325112867
2528,7,0.7071067811865476,0.7071067811865475
2529,9,0.38268343236508984,0.9238795325112867
2530,10,0.38268343236508984,0.9238795325112867
2531,10,0.38268343236508984,0.9238795325112867
2532,11,0.7071067811865476,0.7071067811865475
2533,11,0.7071067811865476,0.7071067811865475
2534,11,0.7071067811865476,0.7071067811865475
2535,10,0.38268343236508984,0.9238795325112867
2536,9,0.38268343236508984,0.9238795325112867
2537,6,6.123233995736766e-17,1.0
2538,4,0.1830964159281446,0.44203385055563177
2539,4,0.5043342057198138,0.5043342057198137
2540,4,0.10953567703388528,0.26444251705892496
2541,4,0.5043342057198138,0.5043342057198137
2542,4,0.5043342057198138,0.5043342057198137
2543,4,0.10953567703388528,0.26444251705892496
2544,5,0.1830964159281446,0.44203385055563177
2545,6,0.10953567703388528,0.26444251705892496
2546,6,-0.26444251705892496,-0.10953567703388524
2547,6,-0.3383180623043727,-0.3383180623043726
2548,5,-8.789057249589852e-17,-0.47845399210662953
2549,6,-0.26444251705892496,-0.10953567703388524
2550,6,-0.2862305178902687,3.505312875526068e-17
2551,7,2.9296857498632844e-17,0.47845399210662953
2552,7,-0.18309641592814455,0.44203385055563177
2553,7,-0.26444251705892496,-0.10953567703388524
2554,7,-0.272943705305893,0.6589443951138523
2555,7,-0.18309641592814482,-0.44203385055563166
2556,8,6.123233995736766e-17,1.0
2557,9,0.27294370530589307,0.6589443951138523
2558,9,-0.27294370530589346,-0.6589443951138522
2559,10,0.27294370530589307,0.6589443951138523
2560,11,0.1830964159281446,0.44203385055563177
2561,11,0.1830964159281446,0.44203385055563177
2562,12,0.5043342057198138,0.5043342057198137
2563,12,0.1830964159281446,0.44203385055563177
2564,14,0.33831806230437267,0.3383180623043726
2565,15,0.44203385055563177,0.18309641592814457
2566,15,0.10953567703388528,0.26444251705892496
2567,16,0.10953567703388528,0.26444251705892496
2568,16,-0.04930923788201554,0.11904303084504313
2569,16,-0.04930923788201554,0.11904303084504313
2570,16,-0.11904303084504314,-0.049309237882015536
2571,13,-0.09111159128584871,0.09111159128584873
2572,13,-0.04930923788201554,0.11904303084504313
2573,13,-0.04930923788201554,0.11904303084504313
2574,13,-0.04930923788201554,0.11904303084504313
2575,12,-0.04930923788201554,0.11904303084504313
2576,11,0.09111159128584873,0.09111159128584871
2577,11,0.11904303084504313,0.04930923788201555
2578,10,0.26444251705892496,0.10953567703388527
2579,10,0.26444251705892496,0.10953567703388527
2580,11,0.10953567703388528,0.26444251705892496
2581,11,-0.18309641592814455,0.44203385055563177
2582,10,-0.272943705305893,0.6589443951138523
2583,11,-0.3826834323650897,0.9238795325112867
2584,12,0.20239554018274641,0.2023955401827464
2585,12,0.44203385055563177,0.18309641592814457
2586,12,0.44203385055563177,0.18309641592814457
2587,12,0.44203385055563177,0.18309641592814457
2588,13,0.6589443951138523,0.27294370530589307
2589,12,0.6589443951138523,0.27294370530589307
2590,13,0.5043342057198138,0.5043342057198137
2591,12,-0.3826834323650897,0.9238795325112867
2592,12,-0.7071067811865475,0.7071067811865476
2593,11,-0.3826834323650897,0.9238795325112867
2594,11,6.123233995736766e-17,1.0
2595,12,-0.3826834323650897,0.9238795325112867
2596,15,-0.3826834323650897,0.9238795325112867
2597,17,-0.3826834323650897,0.9238795325112867
2598,18,6.123233995736766e-17,1.0
2599,17,-0.5043342057198137,0.5043342057198138
2600,16,-0.3826834323650897,0.9238795325112867
2601,13,-0.3826834323650897,0.9238795325112867
2602,12,-0.7071067811865475,0.7071067811865476
2603,10,6.123233995736766e-17,1.0
2604,8,6.123233995736766e-17,1.0
2605,7,6.123233995736766e-17,1.0
2606,8,6.123233995736766e-17,1.0
2607,8,6.123233995736766e-17,1.0
2608,7,-0.3826834323650897,0.9238795325112867
2609,7,-0.3826834323650897,0.9238795325112867
2610,6,-0.3826834323650897,0.9238795325112867
2611,3,-0.7071067811865475,0.7071067811865476
2612,4,-0.7071067811865475,0.7071067811865476
2613,4,0.33831806230437267,0.3383180623043726
2614,4,0.33831806230437267,0.3383180623043726
2615,4,0.33831806230437267,0.3383180623043726
2616,4,-0.26444251705892496,-0.10953567703388524
2617,4,0.33831806230437267,0.3383180623043726
2618,4,-0.2862305178902687,3.505312875526068e-17
2619,4,-0.12885124808584156,1.577972685344674e-17
2620,4,0.10953567703388534,-0.2644425170589249
2621,4,-8.789057249589852e-17,-0.47845399210662953
2622,4,-8.789057249589852e-17,-0.47845399210662953
2623,4,-5.2579693132891015e-17,-0.2862305178902687
2624,4,0.0911115912858487,-0.09111159128584874
2625,4,-0.26444251705892496,-0.10953567703388524
2626,4,-0.272943705305893,0.6589443951138523
2627,5,-0.18309641592814455,0.44203385055563177
2628,6,-0.2023955401827464,0.20239554018274641
2629,6,-0.3383180623043726,0.33831806230437267
2630,6,-0.3383180623043726,0.33831806230437267
2631,6,-0.18309641592814455,0.44203385055563177
2632,8,-0.18309641592814455,0.44203385055563177
2633,8,-0.7071067811865475,0.7071067811865476
2634,9,-0.3826834323650897,0.9238795325112867
2635,9,-0.3826834323650897,0.9238795325112867
2636,9,-0.3826834323650897,0.9238795325112867
2637,11,-0.3826834323650897,0.9238795325112867
2638,12,-0.272943705305893,0.6589443951138523
2639,13,-0.7071067811865475,0.7071067811865476
2640,13,-0.3826834323650897,0.9238795325112867
2641,13,6.123233995736766e-17,1.0
2642,14,-0.3826834323650897,0.9238795325112867
2643,13,-0.3826834323650897,0.9238795325112867
2644,13,-0.3826834323650897,0.9238795325112867
2645,14,6.123233995736766e-17,1.0
2646,13,6.123233995736766e-17,1.0
2647,15,0.38268343236508984,0.9238795325112867
2648,15,0.0,0.0
2649,15,-0.7071067811865477,-0.7071067811865475
2650,14,-0.7071067811865477,-0.7071067811865475
2651,11,-0.7071067811865477,-0.7071067811865475
2652,11,0.38268343236508984,0.9238795325112867
2653,12,0.38268343236508984,0.9238795325112867
2654,12,-0.7071067811865477,-0.7071067811865475
2655,10,0.38268343236508984,0.9238795325112867
2656,10,-0.9238795325112868,-0.38268343236508967
2657,9,0.38268343236508984,0.9238795325112867
2658,10,0.38268343236508984,0.9238795325112867
2659,10,-0.9238795325112868,-0.38268343236508967
2660,7,-0.9238795325112868,-0.38268343236508967
2661,5,-0.9238795325112868,-0.38268343236508967
2662,3,-0.9238795325112868,-0.38268343236508967
2663,3,-0.7071067811865477,-0.7071067811865475
2664,1,-0.38268343236509034,-0.9238795325112865
2665,3,0.7132362736976232,0.0
2666,4,0.7132362736976232,0.0
2667,4,-0.38268343236509034,-0.9238795325112865
2668,4,0.9238795325112867,0.3826834323650898
2669,5,0.9238795325112867,0.3826834323650898
2670,5,1.0,0.0
2671,5,1.0,0.0
2672,6,1.0,0.0
2673,6,1.0,0.0
2674,6,-0.7071067811865477,-0.7071067811865475
2675,7,1.0,0.0
2676,7,0.7132362736976232,0.0
2677,7,0.7132362736976232,0.0
2678,7,1.0,0.0
2679,7,1.0,0.0
2680,6,0.38268343236508984,0.9238795325112867
2681,5,6.123233995736766e-17,1.0
2682,4,6.123233995736766e-17,1.0
2683,4,6.123233995736766e-17,1.0
2684,8,6.123233995736766e-17,1.0
2685,9,0.27294370530589307,0.6589443951138523
2686,9,6.123233995736766e-17,1.0
2687,8,6.123233995736766e-17,1.0
2688,9,6.123233995736766e-17,1.0
2689,9,0.38268343236508984,0.9238795325112867
2690,9,0.38268343236508984,0.9238795325112867
2691,12,0.38268343236508984,0.9238795325112867
2692,12,6.123233995736766e-17,1.0
2693,9,6.123233995736766e-17,1.0
2694,9,0.38268343236508984,0.9238795325112867
2695,9,6.123233995736766e-17,1.0
2696,9,4.367312598097899e-17,0.7132362736976232
2697,9,6.123233995736766e-17,1.0
2698,4,0.1830964159281446,0.44203385055563177
2699,4,0.1830964159281446,0.44203385055563177
2700,4,0.7071067811865476,0.7071067811865475
2701,4,0.10953567703388528,0.26444251705892496
2702,4,-0.2862305178902687,3.505312875526068e-17
2703,4,-0.2862305178902687,3.505312875526068e-17
2704,5,0.5043342057198138,0.5043342057198137
2705,5,0.7071067811865476,0.7071067811865475
2706,5,0.5043342057198138,0.5043342057198137
2707,5,0.0,0.0
2708,6,0.0,0.0
2709,7,-0.18309641592814482,-0.44203385055563166
2710,7,-0.20239554018274647,-0.2023955401827464
2711,7,0.38268343236508984,0.9238795325112867
2712,9,0.7071067811865476,0.7071067811865475
2713,9,-0.18309641592814482,-0.44203385055563166
2714,9,0.7071067811865476,0.7071067811865475
2715,9,-0.18309641592814482,-0.44203385055563166
2716,8,-0.272943705305893,0.6589443951138523
2717,9,-0.18309641592814455,0.44203385055563177
2718,10,-0.3383180623043726,0.33831806230437267
2719,9,-0.10953567703388525,0.26444251705892496
2720,11,-0.6589443951138523,0.2729437053058931
2721,11,-0.7071067811865475,0.7071067811865476
2722,12,-0.6589443951138523,0.2729437053058931
2723,11,-0.6589443951138523,0.2729437053058931
2724,11,0.0,0.0
2725,11,-0.2023955401827464,0.20239554018274641
2726,13,-0.10953567703388525,0.26444251705892496
2727,13,-0.04930923788201554,0.11904303084504313
2728,13,-0.09111159128584874,-0.09111159128584871
2729,13,-0.09111159128584874,-0.09111159128584871
2730,11,-0.11904303084504313,0.049309237882015564
2731,11,0.44203385055563177,0.18309641592814457
2732,12,0.5043342057198138,0.5043342057198137
2733,12,0.5043342057198138,0.5043342057198137
2734,14,0.5043342057198138,0.5043342057198137
2735,15,0.5043342057198138,0.5043342057198137
2736,15,0.5043342057198138,0.5043342057198137
2737,14,0.5043342057198138,0.5043342057198137
2738,13,6.123233995736766e-17,1.0
2739,13,0.44203385055563177,0.18309641592814457
2740,13,6.123233995736766e-17,1.0
2741,13,-0.3826834323650897,0.9238795325112867
2742,14,-0.3826834323650897,0.9238795325112867
2743,14,1.0,0.0
2744,13,1.0,0.0
2745,12,1.0,0.0
2746,10,0.7071067811865476,0.7071067811865475
2747,9,-0.3826834323650897,0.9238795325112867
2748,10,-0.3826834323650897,0.9238795325112867
2749,7,6.123233995736766e-17,1.0
2750,8,-0.3826834323650897,0.9238795325112867
2751,11,-0.3826834323650897,0.9238795325112867
2752,11,-0.3826834323650897,0.9238795325112867
2753,11,-0.3826834323650897,0.9238795325112867
2754,13,-0.3826834323650897,0.9238795325112867
2755,13,-0.3826834323650897,0.9238795325112867
2756,12,-0.3826834323650897,0.9238795325112867
2757,10,-0.3826834323650897,0.9238795325112867
2758,10,-0.3826834323650897,0.9238795325112867
2759,9,-0.3826834323650897,0.9238795325112867
2760,8,-0.3826834323650897,0.9238795325112867
2761,9,6.123233995736766e-17,1.0
2762,8,-0.3826834323650897,0.9238795325112867
2763,7,-0.7071067811865475,0.7071067811865476
2764,2,-0.44203385055563177,0.18309641592814463
2765,2,-0.44203385055563177,0.18309641592814463
2766,2,0.27294370530589307,0.6589443951138523
2767,3,0.5043342057198138,0.5043342057198137
2768,3,0.27294370530589307,0.6589443951138523
2769,3,-0.4420338505556318,-0.18309641592814452
2770,3,-0.3383180623043727,-0.3383180623043726
2771,5,-0.26444251705892496,-0.10953567703388524
2772,5,-0.2862305178902687,3.505312875526068e-17
2773,5,6.123233995736766e-17,1.0
2774,6,-0.26444251705892496,-0.10953567703388524
2775,6,-0.20239554018274647,-0.2023955401827464
2776,6,-0.20239554018274647,-0.2023955401827464
2777,6,-0.272943705305893,0.6589443951138523
2778,7,-0.272943705305893,0.6589443951138523
2779,8,-0.272943705305893,0.6589443951138523
2780,8,-0.3383180623043727,-0.3383180623043726
2781,10,-0.7071067811865475,0.7071067811865476
2782,10,-0.3383180623043726,0.33831806230437267
2783,10,-0.7071067811865475,0.7071067811865476
2784,10,-0.7071067811865475,0.7071067811865476
2785,11,-0.7071067811865475,0.7071067811865476
2786,11,-0.3826834323650897,0.9238795325112867
2787,11,-0.7071067811865475,0.7071067811865476
2788,11,-0.7071067811865475,0.7071067811865476
2789,9,-0.3826834323650897,0.9238795325112867
2790,11,6.123233995736766e-17,1.0
2791,13,6.123233995736766e-17,1.0
2792,12,-0.3826834323650897,0.9238795325112867
2793,12,-0.7071067811865475,0.7071067811865476
2794,12,6.123233995736766e-17,1.0
2795,10,6.123233995736766e-17,1.0
2796,12,0.38268343236508984,0.9238795325112867
2797,14,0.38268343236508984,0.9238795325112867
2798,12,4.367312598097899e-17,0.7132362736976232
2799,13,-0.272943705305893,0.6589443951138523
2800,12,6.123233995736766e-17,1.0
2801,10,0.38268343236508984,0.9238795325112867
2802,8,0.7071067811865476,0.7071067811865475
2803,10,0.7071067811865476,0.7071067811865475
2804,11,0.7071067811865476,0.7071067811865475
2805,10,0.27294370530589307,0.6589443951138523
2806,10,0.38268343236508984,0.9238795325112867
2807,10,0.7071067811865476,0.7071067811865475
2808,11,0.7071067811865476,0.7071067811865475
2809,11,0.9238795325112867,0.3826834323650898
2810,11,0.7071067811865476,0.7071067811865475
2811,11,0.38268343236508984,0.9238795325112867
2812,10,0.7071067811865476,0.7071067811865475
2813,7,0.38268343236508984,0.9238795325112867
2814,6,0.38268343236508984,0.9238795325112867
2815,4,6.123233995736766e-17,1.0
2816,3,-0.5043342057198137,0.5043342057198138
2817,3,0.7071067811865476,0.7071067811865475
2818,2,0.7071067811865476,0.7071067811865475
2819,2,0.7071067811865476,0.7071067811865475
2820,2,0.5043342057198138,0.5043342057198137
2821,2,0.5043342057198138,0.5043342057198137
2822,2,-0.3383180623043727,-0.3383180623043726
2823,2,0.5043342057198138,0.5043342057198137
2824,2,7.88986342672337e-18,0.12885124808584156
2825,2,-0.3383180623043727,-0.3383180623043726
2826,2,0.7071067811865476,0.7071067811865475
2827,3,-0.3383180623043727,-0.3383180623043726
2828,3,-0.18309641592814482,-0.44203385055563166
2829,3,-0.20239554018274647,-0.2023955401827464
2830,5,-0.272943705305893,0.6589443951138523
2831,6,-0.272943705305893,0.6589443951138523
2832,6,-0.27294370530589346,-0.6589443951138522
2833,7,-0.7071067811865475,0.7071067811865476
2834,9,-0.7071067811865475,0.7071067811865476
2835,9,-0.3383180623043726,0.33831806230437267
2836,9,-0.27294370530589346,-0.6589443951138522
2837,10,-0.3826834323650897,0.9238795325112867
2838,12,-0.3826834323650897,0.9238795325112867
2839,14,-0.272943705305893,0.6589443951138523
2840,13,1.752656437763034e-17,0.2862305178902687
2841,14,-0.04930923788201554,0.11904303084504313
2842,15,-2.3669590280170105e-17,-0.12885124808584156
2843,14,1.752656437763034e-17,0.2862305178902687
2844,14,2.9296857498632844e-17,0.47845399210662953
2845,16,4.367312598097899e-17,0.7132362736976232
2846,16,0.5043342057198138,0.5043342057198137
2847,15,0.5043342057198138,0.5043342057198137
2848,15,0.6589443951138523,0.27294370530589307
2849,16,0.6589443951138523,0.27294370530589307
2850,16,0.7132362736976232,0.0
2851,17,0.7132362736976232,0.0
2852,15,0.33831806230437267,0.3383180623043726
2853,15,0.44203385055563177,0.18309641592814457
2854,15,0.5043342057198138,0.5043342057198137
2855,14,0.5043342057198138,0.5043342057198137
2856,16,0.27294370530589307,0.6589443951138523
2857,17,6.123233995736766e-17,1.0
2858,17,-0.3826834323650897,0.9238795325112867
2859,16,-0.3826834323650897,0.9238795325112867
2860,17,-0.3826834323650897,0.9238795325112867
2861,15,-0.3826834323650897,0.9238795325112867
2862,14,-0.7071067811865475,0.7071067811865476
2863,13,-0.7071067811865475,0.7071067811865476
2864,13,-1.0,1.2246467991473532e-16
2865,12,-0.9238795325112867,0.3826834323650899
2866,12,-0.9238795325112867,0.3826834323650899
2867,11,-0.9238795325112867,0.3826834323650899
2868,11,-0.9238795325112867,0.3826834323650899
2869,8,-0.7071067811865475,0.7071067811865476
2870,7,6.123233995736766e-17,1.0
2871,5,0.38268343236508984,0.9238795325112867
2872,5,0.38268343236508984,0.9238795325112867
2873,3,0.7071067811865476,0.7071067811865475
2874,6,0.38268343236508984,0.9238795325112867
2875,5,0.38268343236508984,0.9238795325112867
2876,5,0.38268343236508984,0.9238795325112867
2877,5,0.38268343236508984,0.9238795325112867
2878,5,6.123233995736766e-17,1.0
2879,5,0.38268343236508984,0.9238795325112867
2880,6,6.123233995736766e-17,1.0
