,local_ppl_cnt,vx,vy
0,0,0.9238795325112867,0.3826834323650898
1,0,0.9238795325112867,0.3826834323650898
2,0,0.9238795325112867,0.3826834323650898
3,0,0.9238795325112867,0.3826834323650898
4,0,0.7071067811865476,0.7071067811865475
5,0,0.6589443951138522,-0.2729437053058935
6,0,0.47845399210662953,0.0
7,0,0.47845399210662953,0.0
8,0,0.1830964159281446,0.44203385055563177
9,0,0.38268343236508984,0.9238795325112867
10,1,-0.7071067811865475,0.7071067811865476
11,1,-0.7071067811865475,0.7071067811865476
12,2,-0.7071067811865475,0.7071067811865476
13,3,-0.7071067811865475,0.7071067811865476
14,3,-0.7071067811865475,0.7071067811865476
15,4,-0.7071067811865475,0.7071067811865476
16,4,0.38268343236508984,0.9238795325112867
17,4,0.38268343236508984,0.9238795325112867
18,4,-0.3826834323650897,0.9238795325112867
19,4,6.123233995736766e-17,1.0
20,4,-0.2862305178902687,3.505312875526068e-17
21,4,-0.3826834323650897,0.9238795325112867
22,4,0.27294370530589307,0.6589443951138523
23,4,4.367312598097899e-17,0.7132362736976232
24,4,4.367312598097899e-17,0.7132362736976232
25,4,6.123233995736766e-17,1.0
26,4,6.123233995736766e-17,1.0
27,4,6.123233995736766e-17,1.0
28,4,6.123233995736766e-17,1.0
29,4,6.123233995736766e-17,1.0
30,4,6.123233995736766e-17,1.0
31,4,6.123233995736766e-17,1.0
32,4,0.38268343236508984,0.9238795325112867
33,4,6.123233995736766e-17,1.0
34,4,6.123233995736766e-17,1.0
35,4,6.123233995736766e-17,1.0
36,3,6.123233995736766e-17,1.0
37,2,-0.3826834323650897,0.9238795325112867
38,1,-0.3826834323650897,0.9238795325112867
39,0,-0.3826834323650897,0.9238795325112867
40,0,-0.3826834323650897,0.9238795325112867
41,0,-0.3826834323650897,0.9238795325112867
42,0,-0.3826834323650897,0.9238795325112867
43,0,-0.3826834323650897,0.9238795325112867
44,0,-0.7071067811865475,0.7071067811865476
45,0,-0.7071067811865475,0.7071067811865476
46,0,-0.9238795325112867,0.3826834323650899
47,1,-0.7071067811865475,0.7071067811865476
48,1,-0.7071067811865475,0.7071067811865476
49,1,-0.7071067811865475,0.7071067811865476
50,1,-0.7071067811865475,0.7071067811865476
51,1,-0.7071067811865475,0.7071067811865476
52,1,-0.3826834323650897,0.9238795325112867
53,1,6.123233995736766e-17,1.0
54,2,6.123233995736766e-17,1.0
55,2,6.123233995736766e-17,1.0
56,2,6.123233995736766e-17,1.0
57,2,6.123233995736766e-17,1.0
58,2,0.38268343236508984,0.9238795325112867
59,3,0.38268343236508984,0.9238795325112867
60,3,0.38268343236508984,0.9238795325112867
61,3,0.38268343236508984,0.9238795325112867
62,3,0.38268343236508984,0.9238795325112867
63,3,0.7071067811865476,0.7071067811865475
64,3,0.7071067811865476,0.7071067811865475
65,3,0.7071067811865476,0.7071067811865475
66,3,0.7071067811865476,0.7071067811865475
67,3,0.7071067811865476,0.7071067811865475
68,3,0.38268343236508984,0.9238795325112867
69,3,0.38268343236508984,0.9238795325112867
70,2,0.38268343236508984,0.9238795325112867
71,2,0.38268343236508984,0.9238795325112867
72,2,0.38268343236508984,0.9238795325112867
73,2,6.123233995736766e-17,1.0
74,2,6.123233995736766e-17,1.0
75,0,6.123233995736766e-17,1.0
76,0,-0.3826834323650897,0.9238795325112867
77,0,6.123233995736766e-17,1.0
78,0,6.123233995736766e-17,1.0
79,0,-0.3826834323650897,0.9238795325112867
80,0,-0.3826834323650897,0.9238795325112867
81,0,-0.3826834323650897,0.9238795325112867
82,0,-0.3826834323650897,0.9238795325112867
83,0,-0.3826834323650897,0.9238795325112867
84,0,-0.3826834323650897,0.9238795325112867
85,0,-0.3826834323650897,0.9238795325112867
86,0,-0.3826834323650897,0.9238795325112867
87,1,-0.3826834323650897,0.9238795325112867
88,1,-0.3826834323650897,0.9238795325112867
89,2,-0.3826834323650897,0.9238795325112867
90,3,-0.3826834323650897,0.9238795325112867
91,3,-0.3826834323650897,0.9238795325112867
92,3,-0.3826834323650897,0.9238795325112867
93,3,-0.3826834323650897,0.9238795325112867
94,3,6.123233995736766e-17,1.0
95,3,6.123233995736766e-17,1.0
96,3,6.123233995736766e-17,1.0
97,3,6.123233995736766e-17,1.0
98,3,0.38268343236508984,0.9238795325112867
99,3,0.38268343236508984,0.9238795325112867
100,3,0.7071067811865476,0.7071067811865475
101,3,0.7071067811865476,0.7071067811865475
102,3,0.7071067811865476,0.7071067811865475
103,3,0.7071067811865476,0.7071067811865475
104,3,0.7071067811865476,0.7071067811865475
105,3,0.7071067811865476,0.7071067811865475
106,3,0.38268343236508984,0.9238795325112867
107,3,0.38268343236508984,0.9238795325112867
108,1,6.123233995736766e-17,1.0
109,0,6.123233995736766e-17,1.0
110,0,6.123233995736766e-17,1.0
111,0,6.123233995736766e-17,1.0
112,0,6.123233995736766e-17,1.0
113,0,0.38268343236508984,0.9238795325112867
114,0,-0.3826834323650897,0.9238795325112867
115,0,-0.3826834323650897,0.9238795325112867
116,0,-0.7071067811865475,0.7071067811865476
117,0,-0.7071067811865475,0.7071067811865476
118,0,-0.7071067811865475,0.7071067811865476
119,1,-0.7071067811865475,0.7071067811865476
120,1,-0.7071067811865475,0.7071067811865476
121,1,-0.7071067811865475,0.7071067811865476
122,2,-0.3826834323650897,0.9238795325112867
123,2,-0.3826834323650897,0.9238795325112867
124,2,-0.3826834323650897,0.9238795325112867
125,3,6.123233995736766e-17,1.0
126,4,-0.3826834323650897,0.9238795325112867
127,4,6.123233995736766e-17,1.0
128,4,6.123233995736766e-17,1.0
129,4,0.38268343236508984,0.9238795325112867
130,4,0.38268343236508984,0.9238795325112867
131,4,0.38268343236508984,0.9238795325112867
132,4,0.38268343236508984,0.9238795325112867
133,4,0.38268343236508984,0.9238795325112867
134,4,0.7071067811865476,0.7071067811865475
135,4,0.7071067811865476,0.7071067811865475
136,4,0.7071067811865476,0.7071067811865475
137,4,0.7071067811865476,0.7071067811865475
138,4,0.7071067811865476,0.7071067811865475
139,4,0.38268343236508984,0.9238795325112867
140,3,0.38268343236508984,0.9238795325112867
141,2,0.38268343236508984,0.9238795325112867
142,2,0.38268343236508984,0.9238795325112867
143,1,0.38268343236508984,0.9238795325112867
144,1,6.123233995736766e-17,1.0
145,1,6.123233995736766e-17,1.0
146,1,-0.3826834323650897,0.9238795325112867
147,1,-0.3826834323650897,0.9238795325112867
148,0,6.123233995736766e-17,1.0
149,0,0.38268343236508984,0.9238795325112867
150,0,6.123233995736766e-17,1.0
151,1,-0.7071067811865475,0.7071067811865476
152,1,-0.7071067811865475,0.7071067811865476
153,0,-0.7071067811865475,0.7071067811865476
154,0,-0.7071067811865475,0.7071067811865476
155,0,-0.7071067811865475,0.7071067811865476
156,0,-0.3826834323650897,0.9238795325112867
157,0,-0.9238795325112867,0.3826834323650899
158,0,-0.7071067811865475,0.7071067811865476
159,0,-0.7071067811865475,0.7071067811865476
160,1,-0.3826834323650897,0.9238795325112867
161,1,6.123233995736766e-17,1.0
162,2,6.123233995736766e-17,1.0
163,2,0.38268343236508984,0.9238795325112867
164,2,6.123233995736766e-17,1.0
165,2,0.38268343236508984,0.9238795325112867
166,2,0.38268343236508984,0.9238795325112867
167,2,0.38268343236508984,0.9238795325112867
168,2,6.123233995736766e-17,1.0
169,3,0.38268343236508984,0.9238795325112867
170,3,0.38268343236508984,0.9238795325112867
171,2,0.38268343236508984,0.9238795325112867
172,2,6.123233995736766e-17,1.0
173,2,0.38268343236508984,0.9238795325112867
174,2,0.38268343236508984,0.9238795325112867
175,2,0.38268343236508984,0.9238795325112867
176,4,0.38268343236508984,0.9238795325112867
177,4,0.38268343236508984,0.9238795325112867
178,4,0.38268343236508984,0.9238795325112867
179,3,0.38268343236508984,0.9238795325112867
180,3,0.38268343236508984,0.9238795325112867
181,1,6.123233995736766e-17,1.0
182,2,0.38268343236508984,0.9238795325112867
183,2,6.123233995736766e-17,1.0
184,2,0.38268343236508984,0.9238795325112867
185,0,-0.3826834323650897,0.9238795325112867
186,1,-0.7071067811865475,0.7071067811865476
187,2,-0.7071067811865475,0.7071067811865476
188,2,-0.7071067811865475,0.7071067811865476
189,2,-0.7071067811865475,0.7071067811865476
190,2,-0.7071067811865475,0.7071067811865476
191,2,-0.6589443951138524,-0.27294370530589296
192,2,-0.3826834323650897,0.9238795325112867
193,2,-0.9238795325112867,0.3826834323650899
194,3,-0.3826834323650897,0.9238795325112867
195,3,-0.3826834323650897,0.9238795325112867
196,3,6.123233995736766e-17,1.0
197,4,6.123233995736766e-17,1.0
198,4,0.38268343236508984,0.9238795325112867
199,4,0.38268343236508984,0.9238795325112867
200,4,0.38268343236508984,0.9238795325112867
201,4,0.38268343236508984,0.9238795325112867
202,4,0.38268343236508984,0.9238795325112867
203,4,0.38268343236508984,0.9238795325112867
204,4,0.38268343236508984,0.9238795325112867
205,4,0.38268343236508984,0.9238795325112867
206,4,0.38268343236508984,0.9238795325112867
207,4,0.38268343236508984,0.9238795325112867
208,4,0.7071067811865476,0.7071067811865475
209,4,0.7071067811865476,0.7071067811865475
210,4,0.38268343236508984,0.9238795325112867
211,4,0.38268343236508984,0.9238795325112867
212,4,0.38268343236508984,0.9238795325112867
213,3,0.38268343236508984,0.9238795325112867
214,2,0.38268343236508984,0.9238795325112867
215,2,0.38268343236508984,0.9238795325112867
216,2,6.123233995736766e-17,1.0
217,1,6.123233995736766e-17,1.0
218,1,6.123233995736766e-17,1.0
219,1,-0.3826834323650897,0.9238795325112867
220,1,6.123233995736766e-17,1.0
221,0,6.123233995736766e-17,1.0
222,0,0.7071067811865476,0.7071067811865475
223,0,0.9238795325112867,0.3826834323650898
224,0,0.9238795325112867,0.3826834323650898
225,0,0.9238795325112867,0.3826834323650898
226,0,0.7071067811865476,0.7071067811865475
227,0,0.7071067811865476,0.7071067811865475
228,0,0.7071067811865476,0.7071067811865475
229,0,0.7071067811865476,0.7071067811865475
230,0,0.7071067811865476,0.7071067811865475
231,1,0.38268343236508984,0.9238795325112867
232,1,0.38268343236508984,0.9238795325112867
233,1,0.38268343236508984,0.9238795325112867
234,3,6.123233995736766e-17,1.0
235,3,6.123233995736766e-17,1.0
236,3,-0.3826834323650897,0.9238795325112867
237,3,-0.3826834323650897,0.9238795325112867
238,3,-0.3826834323650897,0.9238795325112867
239,3,6.123233995736766e-17,1.0
240,3,6.123233995736766e-17,1.0
241,3,6.123233995736766e-17,1.0
242,3,6.123233995736766e-17,1.0
243,3,6.123233995736766e-17,1.0
244,3,6.123233995736766e-17,1.0
245,2,6.123233995736766e-17,1.0
246,2,-0.3826834323650897,0.9238795325112867
247,1,-0.3826834323650897,0.9238795325112867
248,2,-0.3826834323650897,0.9238795325112867
249,1,-0.3826834323650897,0.9238795325112867
250,1,-0.3826834323650897,0.9238795325112867
251,1,-0.3826834323650897,0.9238795325112867
252,1,-0.3826834323650897,0.9238795325112867
253,1,-0.3826834323650897,0.9238795325112867
254,0,-0.7071067811865475,0.7071067811865476
255,0,-0.7071067811865475,0.7071067811865476
256,0,-0.7071067811865475,0.7071067811865476
257,0,-0.7071067811865475,0.7071067811865476
258,0,-0.3826834323650897,0.9238795325112867
259,0,-0.3826834323650897,0.9238795325112867
260,0,-0.3826834323650897,0.9238795325112867
261,0,-0.3826834323650897,0.9238795325112867
262,0,-0.3826834323650897,0.9238795325112867
263,0,-0.3826834323650897,0.9238795325112867
264,0,-0.3826834323650897,0.9238795325112867
265,0,-0.3826834323650897,0.9238795325112867
266,0,-0.3826834323650897,0.9238795325112867
267,1,-0.3826834323650897,0.9238795325112867
268,1,-0.3826834323650897,0.9238795325112867
269,4,6.123233995736766e-17,1.0
270,4,-0.3826834323650897,0.9238795325112867
271,4,-0.3826834323650897,0.9238795325112867
272,4,6.123233995736766e-17,1.0
273,4,6.123233995736766e-17,1.0
274,4,6.123233995736766e-17,1.0
275,4,6.123233995736766e-17,1.0
276,4,6.123233995736766e-17,1.0
277,4,0.38268343236508984,0.9238795325112867
278,4,0.38268343236508984,0.9238795325112867
279,3,0.38268343236508984,0.9238795325112867
280,3,0.7071067811865476,0.7071067811865475
281,3,0.38268343236508984,0.9238795325112867
282,3,0.7071067811865476,0.7071067811865475
283,2,0.7071067811865476,0.7071067811865475
284,2,0.38268343236508984,0.9238795325112867
285,2,0.38268343236508984,0.9238795325112867
286,1,0.38268343236508984,0.9238795325112867
287,2,6.123233995736766e-17,1.0
288,2,6.123233995736766e-17,1.0
289,2,6.123233995736766e-17,1.0
290,2,6.123233995736766e-17,1.0
291,2,6.123233995736766e-17,1.0
292,1,0.27294370530589307,0.6589443951138523
293,0,0.7071067811865476,0.7071067811865475
294,0,-0.7071067811865475,0.7071067811865476
295,0,-0.7071067811865475,0.7071067811865476
296,0,-0.7071067811865475,0.7071067811865476
297,2,-0.7071067811865475,0.7071067811865476
298,2,-0.3826834323650897,0.9238795325112867
299,2,-0.3826834323650897,0.9238795325112867
300,2,-0.3826834323650897,0.9238795325112867
301,2,-0.3826834323650897,0.9238795325112867
302,3,-0.3826834323650897,0.9238795325112867
303,3,-0.3826834323650897,0.9238795325112867
304,4,-0.3826834323650897,0.9238795325112867
305,4,6.123233995736766e-17,1.0
306,4,6.123233995736766e-17,1.0
307,4,6.123233995736766e-17,1.0
308,3,0.38268343236508984,0.9238795325112867
309,3,0.38268343236508984,0.9238795325112867
310,4,0.38268343236508984,0.9238795325112867
311,3,6.123233995736766e-17,1.0
312,3,6.123233995736766e-17,1.0
313,3,0.38268343236508984,0.9238795325112867
314,2,0.38268343236508984,0.9238795325112867
315,3,6.123233995736766e-17,1.0
316,3,0.38268343236508984,0.9238795325112867
317,3,0.38268343236508984,0.9238795325112867
318,3,0.38268343236508984,0.9238795325112867
319,3,0.38268343236508984,0.9238795325112867
320,2,0.38268343236508984,0.9238795325112867
321,2,0.38268343236508984,0.9238795325112867
322,2,6.123233995736766e-17,1.0
323,1,6.123233995736766e-17,1.0
324,2,6.123233995736766e-17,1.0
325,2,6.123233995736766e-17,1.0
326,1,0.38268343236508984,0.9238795325112867
327,0,-0.3826834323650897,0.9238795325112867
328,0,-0.7071067811865475,0.7071067811865476
329,0,-0.7071067811865475,0.7071067811865476
330,0,-0.7071067811865475,0.7071067811865476
331,0,-0.7071067811865475,0.7071067811865476
332,0,-0.47845399210662953,5.859371499726569e-17
333,1,-0.3826834323650897,0.9238795325112867
334,1,-0.3826834323650897,0.9238795325112867
335,1,-0.7071067811865475,0.7071067811865476
336,1,-0.3826834323650897,0.9238795325112867
337,2,-0.3826834323650897,0.9238795325112867
338,2,-0.3826834323650897,0.9238795325112867
339,4,6.123233995736766e-17,1.0
340,4,6.123233995736766e-17,1.0
341,4,6.123233995736766e-17,1.0
342,4,6.123233995736766e-17,1.0
343,4,0.38268343236508984,0.9238795325112867
344,4,6.123233995736766e-17,1.0
345,4,6.123233995736766e-17,1.0
346,4,6.123233995736766e-17,1.0
347,4,0.38268343236508984,0.9238795325112867
348,4,0.38268343236508984,0.9238795325112867
349,4,0.38268343236508984,0.9238795325112867
350,4,0.7071067811865476,0.7071067811865475
351,3,0.7071067811865476,0.7071067811865475
352,3,0.7071067811865476,0.7071067811865475
353,3,0.38268343236508984,0.9238795325112867
354,4,0.7071067811865476,0.7071067811865475
355,4,0.7071067811865476,0.7071067811865475
356,3,0.38268343236508984,0.9238795325112867
357,3,0.38268343236508984,0.9238795325112867
358,3,6.123233995736766e-17,1.0
359,3,6.123233995736766e-17,1.0
360,3,6.123233995736766e-17,1.0
361,2,6.123233995736766e-17,1.0
362,2,6.123233995736766e-17,1.0
363,0,-0.3826834323650897,0.9238795325112867
364,0,-0.3826834323650897,0.9238795325112867
365,0,-0.3826834323650897,0.9238795325112867
366,0,-0.3826834323650897,0.9238795325112867
367,0,-0.3826834323650897,0.9238795325112867
368,0,-0.3826834323650897,0.9238795325112867
369,0,-0.3826834323650897,0.9238795325112867
370,0,-0.3826834323650897,0.9238795325112867
371,0,-0.3826834323650897,0.9238795325112867
372,1,-0.3826834323650897,0.9238795325112867
373,3,-0.3826834323650897,0.9238795325112867
374,3,6.123233995736766e-17,1.0
375,3,6.123233995736766e-17,1.0
376,3,-0.3826834323650897,0.9238795325112867
377,3,6.123233995736766e-17,1.0
378,3,4.367312598097899e-17,0.7132362736976232
379,3,4.367312598097899e-17,0.7132362736976232
380,2,4.367312598097899e-17,0.7132362736976232
381,2,4.367312598097899e-17,0.7132362736976232
382,2,0.38268343236508984,0.9238795325112867
383,2,0.38268343236508984,0.9238795325112867
384,2,0.38268343236508984,0.9238795325112867
385,2,0.7071067811865476,0.7071067811865475
386,2,0.7071067811865476,0.7071067811865475
387,2,0.7071067811865476,0.7071067811865475
388,2,0.7071067811865476,0.7071067811865475
389,2,0.38268343236508984,0.9238795325112867
390,2,0.38268343236508984,0.9238795325112867
391,2,0.38268343236508984,0.9238795325112867
392,2,6.123233995736766e-17,1.0
393,1,6.123233995736766e-17,1.0
394,0,6.123233995736766e-17,1.0
395,0,-0.3826834323650897,0.9238795325112867
396,0,6.123233995736766e-17,1.0
397,0,6.123233995736766e-17,1.0
398,1,0.7071067811865476,0.7071067811865475
399,1,-0.7071067811865475,0.7071067811865476
400,1,-0.3826834323650897,0.9238795325112867
401,1,-0.3826834323650897,0.9238795325112867
402,1,-0.3826834323650897,0.9238795325112867
403,1,4.367312598097899e-17,0.7132362736976232
404,1,-0.3826834323650897,0.9238795325112867
405,1,-0.3826834323650897,0.9238795325112867
406,1,-0.7071067811865475,0.7071067811865476
407,3,-0.3826834323650897,0.9238795325112867
408,3,-0.3826834323650897,0.9238795325112867
409,4,6.123233995736766e-17,1.0
410,4,6.123233995736766e-17,1.0
411,4,-0.3826834323650897,0.9238795325112867
412,4,0.38268343236508984,0.9238795325112867
413,4,0.38268343236508984,0.9238795325112867
414,4,6.123233995736766e-17,1.0
415,3,0.38268343236508984,0.9238795325112867
416,3,0.38268343236508984,0.9238795325112867
417,3,6.123233995736766e-17,1.0
418,3,0.38268343236508984,0.9238795325112867
419,2,0.38268343236508984,0.9238795325112867
420,3,0.38268343236508984,0.9238795325112867
421,3,0.7071067811865476,0.7071067811865475
422,3,0.38268343236508984,0.9238795325112867
423,3,0.38268343236508984,0.9238795325112867
424,3,0.38268343236508984,0.9238795325112867
425,3,0.38268343236508984,0.9238795325112867
426,3,0.38268343236508984,0.9238795325112867
427,3,6.123233995736766e-17,1.0
428,3,-0.3826834323650897,0.9238795325112867
429,3,-0.3826834323650897,0.9238795325112867
430,3,-0.3826834323650897,0.9238795325112867
431,3,6.123233995736766e-17,1.0
432,3,6.123233995736766e-17,1.0
433,1,0.7071067811865476,0.7071067811865475
434,1,-0.7071067811865475,0.7071067811865476
435,1,-0.7071067811865475,0.7071067811865476
436,1,-0.7071067811865475,0.7071067811865476
437,0,-0.7071067811865475,0.7071067811865476
438,0,-0.7071067811865475,0.7071067811865476
439,0,-0.3826834323650897,0.9238795325112867
440,0,-0.3826834323650897,0.9238795325112867
441,0,-0.7071067811865475,0.7071067811865476
442,1,-0.3826834323650897,0.9238795325112867
443,1,-0.3826834323650897,0.9238795325112867
444,1,-0.3826834323650897,0.9238795325112867
445,2,6.123233995736766e-17,1.0
446,2,6.123233995736766e-17,1.0
447,2,6.123233995736766e-17,1.0
448,2,6.123233995736766e-17,1.0
449,2,0.38268343236508984,0.9238795325112867
450,2,0.38268343236508984,0.9238795325112867
451,2,6.123233995736766e-17,1.0
452,2,0.38268343236508984,0.9238795325112867
453,2,0.38268343236508984,0.9238795325112867
454,2,0.38268343236508984,0.9238795325112867
455,2,0.38268343236508984,0.9238795325112867
456,2,0.38268343236508984,0.9238795325112867
457,2,0.38268343236508984,0.9238795325112867
458,2,0.7071067811865476,0.7071067811865475
459,2,0.7071067811865476,0.7071067811865475
460,2,0.38268343236508984,0.9238795325112867
461,2,0.38268343236508984,0.9238795325112867
462,2,0.38268343236508984,0.9238795325112867
463,2,6.123233995736766e-17,1.0
464,2,6.123233995736766e-17,1.0
465,2,6.123233995736766e-17,1.0
466,1,6.123233995736766e-17,1.0
467,1,6.123233995736766e-17,1.0
468,0,0.7071067811865476,0.7071067811865475
469,0,0.7071067811865476,0.7071067811865475
470,0,0.7071067811865476,0.7071067811865475
471,0,0.7071067811865476,0.7071067811865475
472,1,0.47845399210662953,0.0
473,1,0.7071067811865476,0.7071067811865475
474,2,0.7071067811865476,0.7071067811865475
475,2,0.7071067811865476,0.7071067811865475
476,2,0.7071067811865476,0.7071067811865475
477,2,0.38268343236508984,0.9238795325112867
478,2,0.38268343236508984,0.9238795325112867
479,2,6.123233995736766e-17,1.0
480,3,6.123233995736766e-17,1.0
481,3,-0.7071067811865475,0.7071067811865476
482,3,-0.7071067811865475,0.7071067811865476
483,1,-0.3826834323650897,0.9238795325112867
484,2,-0.3826834323650897,0.9238795325112867
485,2,-0.3826834323650897,0.9238795325112867
486,2,6.123233995736766e-17,1.0
487,2,6.123233995736766e-17,1.0
488,2,-0.3826834323650897,0.9238795325112867
489,3,-0.3826834323650897,0.9238795325112867
490,3,6.123233995736766e-17,1.0
491,3,6.123233995736766e-17,1.0
492,3,6.123233995736766e-17,1.0
493,3,6.123233995736766e-17,1.0
494,3,6.123233995736766e-17,1.0
495,2,6.123233995736766e-17,1.0
496,3,-0.3826834323650897,0.9238795325112867
497,3,-0.3826834323650897,0.9238795325112867
498,3,6.123233995736766e-17,1.0
499,3,-0.3826834323650897,0.9238795325112867
500,2,-0.3826834323650897,0.9238795325112867
501,2,-0.3826834323650897,0.9238795325112867
502,2,-0.3826834323650897,0.9238795325112867
503,2,-0.3826834323650897,0.9238795325112867
504,2,-0.5043342057198137,0.5043342057198138
505,0,-0.3826834323650897,0.9238795325112867
506,0,-0.3826834323650897,0.9238795325112867
507,0,-0.3826834323650897,0.9238795325112867
508,0,-0.3826834323650897,0.9238795325112867
509,0,-0.3826834323650897,0.9238795325112867
510,0,-0.3826834323650897,0.9238795325112867
511,0,-0.3826834323650897,0.9238795325112867
512,0,-0.3826834323650897,0.9238795325112867
513,1,-0.3826834323650897,0.9238795325112867
514,3,-0.3826834323650897,0.9238795325112867
515,3,-0.3826834323650897,0.9238795325112867
516,3,-0.3826834323650897,0.9238795325112867
517,3,-0.3826834323650897,0.9238795325112867
518,3,-0.3826834323650897,0.9238795325112867
519,3,6.123233995736766e-17,1.0
520,3,6.123233995736766e-17,1.0
521,3,0.38268343236508984,0.9238795325112867
522,3,6.123233995736766e-17,1.0
523,3,6.123233995736766e-17,1.0
524,3,0.38268343236508984,0.9238795325112867
525,2,0.38268343236508984,0.9238795325112867
526,2,0.7071067811865476,0.7071067811865475
527,2,0.7071067811865476,0.7071067811865475
528,2,0.7071067811865476,0.7071067811865475
529,2,0.7071067811865476,0.7071067811865475
530,2,0.7071067811865476,0.7071067811865475
531,2,0.38268343236508984,0.9238795325112867
532,2,0.38268343236508984,0.9238795325112867
533,1,6.123233995736766e-17,1.0
534,0,6.123233995736766e-17,1.0
535,0,6.123233995736766e-17,1.0
536,0,6.123233995736766e-17,1.0
537,0,6.123233995736766e-17,1.0
538,0,6.123233995736766e-17,1.0
539,1,-0.7071067811865475,0.7071067811865476
540,1,-0.7071067811865475,0.7071067811865476
541,1,-0.7071067811865475,0.7071067811865476
542,1,-0.3826834323650897,0.9238795325112867
543,1,-0.7071067811865475,0.7071067811865476
544,2,-0.7071067811865475,0.7071067811865476
545,2,-1.0,1.2246467991473532e-16
546,2,-0.3826834323650897,0.9238795325112867
547,3,-0.3826834323650897,0.9238795325112867
548,3,-0.3826834323650897,0.9238795325112867
549,4,6.123233995736766e-17,1.0
550,4,6.123233995736766e-17,1.0
551,4,6.123233995736766e-17,1.0
552,4,6.123233995736766e-17,1.0
553,4,6.123233995736766e-17,1.0
554,4,0.38268343236508984,0.9238795325112867
555,4,0.38268343236508984,0.9238795325112867
556,4,0.38268343236508984,0.9238795325112867
557,4,0.38268343236508984,0.9238795325112867
558,4,0.38268343236508984,0.9238795325112867
559,4,0.38268343236508984,0.9238795325112867
560,4,0.38268343236508984,0.9238795325112867
561,4,0.38268343236508984,0.9238795325112867
562,4,0.38268343236508984,0.9238795325112867
563,4,0.38268343236508984,0.9238795325112867
564,4,0.38268343236508984,0.9238795325112867
565,4,0.38268343236508984,0.9238795325112867
566,4,0.38268343236508984,0.9238795325112867
567,4,0.38268343236508984,0.9238795325112867
568,3,0.38268343236508984,0.9238795325112867
569,3,0.38268343236508984,0.9238795325112867
570,2,6.123233995736766e-17,1.0
571,1,6.123233995736766e-17,1.0
572,1,4.367312598097899e-17,0.7132362736976232
573,1,4.367312598097899e-17,0.7132362736976232
574,1,6.123233995736766e-17,1.0
575,0,0.5043342057198138,0.5043342057198137
576,0,0.6589443951138522,-0.2729437053058935
577,0,0.9238795325112867,0.3826834323650898
578,1,0.7071067811865476,0.7071067811865475
579,1,0.7071067811865476,0.7071067811865475
580,1,0.38268343236508984,0.9238795325112867
581,1,0.38268343236508984,0.9238795325112867
582,2,0.38268343236508984,0.9238795325112867
583,2,0.38268343236508984,0.9238795325112867
584,3,0.38268343236508984,0.9238795325112867
585,3,0.38268343236508984,0.9238795325112867
586,3,6.123233995736766e-17,1.0
587,4,6.123233995736766e-17,1.0
588,4,6.123233995736766e-17,1.0
589,4,6.123233995736766e-17,1.0
590,4,-0.3826834323650897,0.9238795325112867
591,4,6.123233995736766e-17,1.0
592,4,6.123233995736766e-17,1.0
593,4,6.123233995736766e-17,1.0
594,4,-0.3826834323650897,0.9238795325112867
595,4,-0.3826834323650897,0.9238795325112867
596,4,-0.3826834323650897,0.9238795325112867
597,3,6.123233995736766e-17,1.0
598,3,6.123233995736766e-17,1.0
599,3,6.123233995736766e-17,1.0
600,4,6.123233995736766e-17,1.0
601,4,6.123233995736766e-17,1.0
602,4,6.123233995736766e-17,1.0
603,4,6.123233995736766e-17,1.0
604,4,-0.3826834323650897,0.9238795325112867
605,4,-0.3826834323650897,0.9238795325112867
606,4,-0.3826834323650897,0.9238795325112867
607,4,-0.7071067811865475,0.7071067811865476
608,4,-0.7071067811865475,0.7071067811865476
609,4,-0.7071067811865475,0.7071067811865476
610,4,-0.3826834323650897,0.9238795325112867
611,2,0.7071067811865476,0.7071067811865475
612,2,0.7071067811865476,0.7071067811865475
613,2,0.7071067811865476,0.7071067811865475
614,2,0.7071067811865476,0.7071067811865475
615,2,0.7071067811865476,0.7071067811865475
616,2,0.7071067811865476,0.7071067811865475
617,2,0.38268343236508984,0.9238795325112867
618,2,0.38268343236508984,0.9238795325112867
619,2,6.123233995736766e-17,1.0
620,2,6.123233995736766e-17,1.0
621,1,6.123233995736766e-17,1.0
622,1,6.123233995736766e-17,1.0
623,2,6.123233995736766e-17,1.0
624,3,6.123233995736766e-17,1.0
625,3,-0.3826834323650897,0.9238795325112867
626,3,-0.3826834323650897,0.9238795325112867
627,3,-0.3826834323650897,0.9238795325112867
628,3,6.123233995736766e-17,1.0
629,3,6.123233995736766e-17,1.0
630,3,6.123233995736766e-17,1.0
631,3,6.123233995736766e-17,1.0
632,3,6.123233995736766e-17,1.0
633,3,6.123233995736766e-17,1.0
634,3,6.123233995736766e-17,1.0
635,3,6.123233995736766e-17,1.0
636,3,6.123233995736766e-17,1.0
637,3,6.123233995736766e-17,1.0
638,3,6.123233995736766e-17,1.0
639,3,-0.3826834323650897,0.9238795325112867
640,3,-0.3826834323650897,0.9238795325112867
641,3,-0.3826834323650897,0.9238795325112867
642,3,-0.7071067811865475,0.7071067811865476
643,3,-0.7071067811865475,0.7071067811865476
644,3,-0.3826834323650897,0.9238795325112867
645,2,-0.3826834323650897,0.9238795325112867
646,0,-0.3826834323650897,0.9238795325112867
647,0,-0.7071067811865475,0.7071067811865476
648,0,-0.7071067811865475,0.7071067811865476
649,0,-0.7071067811865475,0.7071067811865476
650,0,-0.3826834323650897,0.9238795325112867
651,0,-0.3826834323650897,0.9238795325112867
652,0,-0.7071067811865475,0.7071067811865476
653,0,-0.9238795325112867,0.3826834323650899
654,0,-0.3826834323650897,0.9238795325112867
655,1,-0.3826834323650897,0.9238795325112867
656,2,-0.3826834323650897,0.9238795325112867
657,2,-0.3826834323650897,0.9238795325112867
658,2,6.123233995736766e-17,1.0
659,2,0.38268343236508984,0.9238795325112867
660,3,0.38268343236508984,0.9238795325112867
661,3,6.123233995736766e-17,1.0
662,3,6.123233995736766e-17,1.0
663,3,0.38268343236508984,0.9238795325112867
664,3,0.38268343236508984,0.9238795325112867
665,3,0.38268343236508984,0.9238795325112867
666,3,0.7071067811865476,0.7071067811865475
667,3,0.7071067811865476,0.7071067811865475
668,3,0.7071067811865476,0.7071067811865475
669,3,0.7071067811865476,0.7071067811865475
670,3,0.38268343236508984,0.9238795325112867
671,3,0.7071067811865476,0.7071067811865475
672,3,0.38268343236508984,0.9238795325112867
673,3,0.38268343236508984,0.9238795325112867
674,2,0.38268343236508984,0.9238795325112867
675,2,6.123233995736766e-17,1.0
676,2,6.123233995736766e-17,1.0
677,2,6.123233995736766e-17,1.0
678,1,-0.3826834323650897,0.9238795325112867
679,0,6.123233995736766e-17,1.0
680,0,6.123233995736766e-17,1.0
681,0,0.38268343236508984,0.9238795325112867
682,0,-0.3826834323650897,0.9238795325112867
683,0,-0.7071067811865475,0.7071067811865476
684,0,-0.7071067811865475,0.7071067811865476
685,1,-0.7071067811865475,0.7071067811865476
686,1,-0.7071067811865475,0.7071067811865476
687,0,-0.3826834323650897,0.9238795325112867
688,0,-0.7071067811865475,0.7071067811865476
689,0,-0.7071067811865475,0.7071067811865476
690,0,-0.3826834323650897,0.9238795325112867
691,0,-0.3826834323650897,0.9238795325112867
692,0,-0.3826834323650897,0.9238795325112867
693,0,6.123233995736766e-17,1.0
694,2,6.123233995736766e-17,1.0
695,2,0.38268343236508984,0.9238795325112867
696,2,6.123233995736766e-17,1.0
697,2,0.38268343236508984,0.9238795325112867
698,2,0.38268343236508984,0.9238795325112867
699,2,6.123233995736766e-17,1.0
700,3,0.38268343236508984,0.9238795325112867
701,2,0.38268343236508984,0.9238795325112867
702,2,0.38268343236508984,0.9238795325112867
703,2,0.38268343236508984,0.9238795325112867
704,2,0.7071067811865476,0.7071067811865475
705,1,0.7071067811865476,0.7071067811865475
706,1,0.38268343236508984,0.9238795325112867
707,1,0.7071067811865476,0.7071067811865475
708,1,0.7071067811865476,0.7071067811865475
709,1,0.38268343236508984,0.9238795325112867
710,1,0.38268343236508984,0.9238795325112867
711,1,0.38268343236508984,0.9238795325112867
712,0,6.123233995736766e-17,1.0
713,0,6.123233995736766e-17,1.0
714,1,-0.3826834323650897,0.9238795325112867
715,1,-0.3826834323650897,0.9238795325112867
716,2,6.123233995736766e-17,1.0
717,1,0.38268343236508984,0.9238795325112867
718,0,-0.3826834323650897,0.9238795325112867
719,0,-0.7071067811865475,0.7071067811865476
720,0,-0.9238795325112867,0.3826834323650899
721,0,-0.9238795325112867,0.3826834323650899
722,0,-0.7071067811865475,0.7071067811865476
723,0,-0.7071067811865475,0.7071067811865476
724,0,-0.7071067811865475,0.7071067811865476
725,0,-0.7071067811865475,0.7071067811865476
726,0,-0.3826834323650897,0.9238795325112867
727,1,6.123233995736766e-17,1.0
728,1,6.123233995736766e-17,1.0
729,2,6.123233995736766e-17,1.0
730,3,6.123233995736766e-17,1.0
731,2,6.123233995736766e-17,1.0
732,2,6.123233995736766e-17,1.0
733,2,6.123233995736766e-17,1.0
734,2,6.123233995736766e-17,1.0
735,2,6.123233995736766e-17,1.0
736,1,0.27294370530589307,0.6589443951138523
737,1,0.38268343236508984,0.9238795325112867
738,1,0.38268343236508984,0.9238795325112867
739,0,0.7071067811865476,0.7071067811865475
740,0,0.38268343236508984,0.9238795325112867
741,0,0.7071067811865476,0.7071067811865475
742,1,0.7071067811865476,0.7071067811865475
743,1,0.38268343236508984,0.9238795325112867
744,1,0.7071067811865476,0.7071067811865475
745,1,0.38268343236508984,0.9238795325112867
746,1,0.38268343236508984,0.9238795325112867
747,1,0.38268343236508984,0.9238795325112867
748,1,6.123233995736766e-17,1.0
749,1,6.123233995736766e-17,1.0
750,0,6.123233995736766e-17,1.0
751,0,6.123233995736766e-17,1.0
752,0,6.123233995736766e-17,1.0
753,0,0.38268343236508984,0.9238795325112867
754,2,0.7071067811865476,0.7071067811865475
755,2,0.7071067811865476,0.7071067811865475
756,1,0.7071067811865476,0.7071067811865475
757,2,0.7071067811865476,0.7071067811865475
758,2,0.7071067811865476,0.7071067811865475
759,2,0.38268343236508984,0.9238795325112867
760,2,0.38268343236508984,0.9238795325112867
761,2,0.38268343236508984,0.9238795325112867
762,2,6.123233995736766e-17,1.0
763,3,0.38268343236508984,0.9238795325112867
764,3,0.38268343236508984,0.9238795325112867
765,3,6.123233995736766e-17,1.0
766,3,6.123233995736766e-17,1.0
767,3,6.123233995736766e-17,1.0
768,3,6.123233995736766e-17,1.0
769,3,-0.3826834323650897,0.9238795325112867
770,4,-0.3826834323650897,0.9238795325112867
771,4,6.123233995736766e-17,1.0
772,4,-0.18309641592814455,0.44203385055563177
773,4,-0.18309641592814455,0.44203385055563177
774,4,-0.5043342057198137,0.5043342057198138
775,4,6.123233995736766e-17,1.0
776,4,6.123233995736766e-17,1.0
777,4,6.123233995736766e-17,1.0
778,4,6.123233995736766e-17,1.0
779,4,6.123233995736766e-17,1.0
780,4,-0.3826834323650897,0.9238795325112867
781,4,6.123233995736766e-17,1.0
782,3,-0.3826834323650897,0.9238795325112867
783,3,-0.3826834323650897,0.9238795325112867
784,3,-0.3826834323650897,0.9238795325112867
785,3,-0.3826834323650897,0.9238795325112867
786,3,-0.3826834323650897,0.9238795325112867
787,2,-0.3826834323650897,0.9238795325112867
788,2,-0.3826834323650897,0.9238795325112867
789,2,-0.3826834323650897,0.9238795325112867
790,0,-0.3826834323650897,0.9238795325112867
791,0,-0.3826834323650897,0.9238795325112867
792,1,-0.3826834323650897,0.9238795325112867
793,1,-0.3826834323650897,0.9238795325112867
794,1,-0.3826834323650897,0.9238795325112867
795,1,-0.3826834323650897,0.9238795325112867
796,0,-0.7071067811865475,0.7071067811865476
797,0,-0.3826834323650897,0.9238795325112867
798,0,-0.3826834323650897,0.9238795325112867
799,0,-0.3826834323650897,0.9238795325112867
800,0,-0.3826834323650897,0.9238795325112867
801,0,6.123233995736766e-17,1.0
802,1,6.123233995736766e-17,1.0
803,1,-0.3826834323650897,0.9238795325112867
804,1,6.123233995736766e-17,1.0
805,1,6.123233995736766e-17,1.0
806,1,0.38268343236508984,0.9238795325112867
807,1,0.38268343236508984,0.9238795325112867
808,1,0.38268343236508984,0.9238795325112867
809,1,0.38268343236508984,0.9238795325112867
810,1,0.38268343236508984,0.9238795325112867
811,2,0.38268343236508984,0.9238795325112867
812,2,0.7071067811865476,0.7071067811865475
813,2,0.7071067811865476,0.7071067811865475
814,2,0.38268343236508984,0.9238795325112867
815,2,0.38268343236508984,0.9238795325112867
816,2,0.38268343236508984,0.9238795325112867
817,2,0.38268343236508984,0.9238795325112867
818,2,6.123233995736766e-17,1.0
819,1,6.123233995736766e-17,1.0
820,1,6.123233995736766e-17,1.0
821,1,6.123233995736766e-17,1.0
822,1,-0.3826834323650897,0.9238795325112867
823,1,6.123233995736766e-17,1.0
824,1,0.5043342057198138,0.5043342057198137
825,0,0.7071067811865476,0.7071067811865475
826,0,0.7071067811865476,0.7071067811865475
827,1,0.7071067811865476,0.7071067811865475
828,1,0.7071067811865476,0.7071067811865475
829,1,0.7071067811865476,0.7071067811865475
830,2,0.7071067811865476,0.7071067811865475
831,3,0.7071067811865476,0.7071067811865475
832,3,0.7071067811865476,0.7071067811865475
833,3,0.38268343236508984,0.9238795325112867
834,3,0.38268343236508984,0.9238795325112867
835,3,0.38268343236508984,0.9238795325112867
836,3,-0.7071067811865475,0.7071067811865476
837,3,-0.7071067811865475,0.7071067811865476
838,3,-0.3826834323650897,0.9238795325112867
839,3,-0.7071067811865475,0.7071067811865476
840,3,-0.3826834323650897,0.9238795325112867
841,3,-0.3826834323650897,0.9238795325112867
842,3,6.123233995736766e-17,1.0
843,3,6.123233995736766e-17,1.0
844,3,6.123233995736766e-17,1.0
845,3,6.123233995736766e-17,1.0
846,3,6.123233995736766e-17,1.0
847,3,6.123233995736766e-17,1.0
848,3,6.123233995736766e-17,1.0
849,2,6.123233995736766e-17,1.0
850,2,6.123233995736766e-17,1.0
851,2,6.123233995736766e-17,1.0
852,1,6.123233995736766e-17,1.0
853,1,6.123233995736766e-17,1.0
854,1,-0.3826834323650897,0.9238795325112867
855,1,-0.3826834323650897,0.9238795325112867
856,0,-0.7071067811865475,0.7071067811865476
857,0,-0.7071067811865475,0.7071067811865476
858,0,-0.7071067811865475,0.7071067811865476
859,0,-0.3826834323650897,0.9238795325112867
860,2,-0.272943705305893,0.6589443951138523
861,0,-0.3826834323650897,0.9238795325112867
862,0,-0.3826834323650897,0.9238795325112867
863,0,-0.4420338505556318,-0.18309641592814452
864,1,0.26444251705892496,0.10953567703388527
865,0,0.26444251705892496,0.10953567703388527
866,0,0.1830964159281446,0.44203385055563177
867,0,0.7071067811865476,0.7071067811865475
868,0,-0.3826834323650897,0.9238795325112867
869,2,-0.3826834323650897,0.9238795325112867
870,3,-0.3826834323650897,0.9238795325112867
871,3,-0.7071067811865475,0.7071067811865476
872,3,-0.3826834323650897,0.9238795325112867
873,4,-0.3826834323650897,0.9238795325112867
874,4,-0.3826834323650897,0.9238795325112867
875,4,6.123233995736766e-17,1.0
876,4,0.38268343236508984,0.9238795325112867
877,4,-0.3826834323650897,0.9238795325112867
878,4,-0.3826834323650897,0.9238795325112867
879,4,-0.3826834323650897,0.9238795325112867
880,4,6.123233995736766e-17,1.0
881,4,6.123233995736766e-17,1.0
882,4,6.123233995736766e-17,1.0
883,4,6.123233995736766e-17,1.0
884,4,0.38268343236508984,0.9238795325112867
885,4,0.38268343236508984,0.9238795325112867
886,4,0.38268343236508984,0.9238795325112867
887,3,0.7071067811865476,0.7071067811865475
888,3,0.7071067811865476,0.7071067811865475
889,3,0.7071067811865476,0.7071067811865475
890,3,0.38268343236508984,0.9238795325112867
891,3,0.38268343236508984,0.9238795325112867
892,2,0.38268343236508984,0.9238795325112867
893,1,6.123233995736766e-17,1.0
894,1,6.123233995736766e-17,1.0
895,1,-0.3826834323650897,0.9238795325112867
896,1,6.123233995736766e-17,1.0
897,1,-0.3826834323650897,0.9238795325112867
898,0,0.38268343236508984,0.9238795325112867
899,0,-0.3826834323650897,0.9238795325112867
900,0,-0.3826834323650897,0.9238795325112867
901,0,-0.7071067811865475,0.7071067811865476
902,1,-0.7071067811865475,0.7071067811865476
903,2,-0.7071067811865475,0.7071067811865476
904,2,-0.7071067811865475,0.7071067811865476
905,2,-0.7071067811865475,0.7071067811865476
906,3,-0.7071067811865475,0.7071067811865476
907,3,-0.7071067811865475,0.7071067811865476
908,3,-0.7071067811865475,0.7071067811865476
909,3,-0.3826834323650897,0.9238795325112867
910,3,-0.3826834323650897,0.9238795325112867
911,4,0.38268343236508984,0.9238795325112867
912,4,6.123233995736766e-17,1.0
913,4,6.123233995736766e-17,1.0
914,4,0.38268343236508984,0.9238795325112867
915,4,0.38268343236508984,0.9238795325112867
916,4,0.38268343236508984,0.9238795325112867
917,4,0.38268343236508984,0.9238795325112867
918,3,0.38268343236508984,0.9238795325112867
919,3,0.38268343236508984,0.9238795325112867
920,3,0.38268343236508984,0.9238795325112867
921,3,0.38268343236508984,0.9238795325112867
922,3,0.38268343236508984,0.9238795325112867
923,3,0.7071067811865476,0.7071067811865475
924,3,0.7071067811865476,0.7071067811865475
925,3,0.7071067811865476,0.7071067811865475
926,3,0.7071067811865476,0.7071067811865475
927,3,0.38268343236508984,0.9238795325112867
928,3,0.38268343236508984,0.9238795325112867
929,3,6.123233995736766e-17,1.0
930,3,6.123233995736766e-17,1.0
931,3,6.123233995736766e-17,1.0
932,4,6.123233995736766e-17,1.0
933,3,6.123233995736766e-17,1.0
934,2,6.123233995736766e-17,1.0
935,1,-0.3826834323650897,0.9238795325112867
936,2,-0.3826834323650897,0.9238795325112867
937,2,-0.3826834323650897,0.9238795325112867
938,2,-0.3826834323650897,0.9238795325112867
939,2,-0.3826834323650897,0.9238795325112867
940,2,6.123233995736766e-17,1.0
941,2,-0.3826834323650897,0.9238795325112867
942,2,-0.3826834323650897,0.9238795325112867
943,2,-0.3826834323650897,0.9238795325112867
944,2,-0.3826834323650897,0.9238795325112867
945,2,-0.3826834323650897,0.9238795325112867
946,1,6.123233995736766e-17,1.0
947,1,6.123233995736766e-17,1.0
948,1,-0.3826834323650897,0.9238795325112867
949,1,6.123233995736766e-17,1.0
950,1,0.38268343236508984,0.9238795325112867
951,2,0.38268343236508984,0.9238795325112867
952,2,0.38268343236508984,0.9238795325112867
953,2,0.38268343236508984,0.9238795325112867
954,2,0.38268343236508984,0.9238795325112867
955,2,0.38268343236508984,0.9238795325112867
956,2,0.38268343236508984,0.9238795325112867
957,2,0.38268343236508984,0.9238795325112867
958,1,0.7071067811865476,0.7071067811865475
959,2,0.38268343236508984,0.9238795325112867
960,2,0.38268343236508984,0.9238795325112867
961,2,0.38268343236508984,0.9238795325112867
962,1,0.38268343236508984,0.9238795325112867
963,1,6.123233995736766e-17,1.0
964,1,6.123233995736766e-17,1.0
965,1,-0.3826834323650897,0.9238795325112867
966,1,-0.3826834323650897,0.9238795325112867
967,1,6.123233995736766e-17,1.0
968,1,6.123233995736766e-17,1.0
969,0,0.38268343236508984,0.9238795325112867
970,0,6.123233995736766e-17,1.0
971,0,6.123233995736766e-17,1.0
972,0,-0.3826834323650897,0.9238795325112867
973,0,-0.3826834323650897,0.9238795325112867
974,0,-0.3826834323650897,0.9238795325112867
975,0,-0.3826834323650897,0.9238795325112867
976,0,-0.3826834323650897,0.9238795325112867
977,0,-0.3826834323650897,0.9238795325112867
978,1,6.123233995736766e-17,1.0
979,1,6.123233995736766e-17,1.0
980,1,-0.6589443951138524,-0.27294370530589296
981,2,6.123233995736766e-17,1.0
982,2,6.123233995736766e-17,1.0
983,2,0.38268343236508984,0.9238795325112867
984,3,0.9238795325112867,0.3826834323650898
985,3,0.9238795325112867,0.3826834323650898
986,3,0.7071067811865476,0.7071067811865475
987,1,6.123233995736766e-17,1.0
988,2,0.38268343236508984,0.9238795325112867
989,3,0.1830964159281446,0.44203385055563177
990,3,-0.272943705305893,0.6589443951138523
991,3,-0.3826834323650897,0.9238795325112867
992,3,-1.0,1.2246467991473532e-16
993,4,-1.0,1.2246467991473532e-16
994,4,-0.3826834323650897,0.9238795325112867
995,3,6.123233995736766e-17,1.0
996,3,-0.7071067811865475,0.7071067811865476
997,3,0.38268343236508984,0.9238795325112867
998,3,0.38268343236508984,0.9238795325112867
999,3,0.38268343236508984,0.9238795325112867
1000,3,0.38268343236508984,0.9238795325112867
1001,2,0.38268343236508984,0.9238795325112867
1002,2,0.38268343236508984,0.9238795325112867
1003,2,6.123233995736766e-17,1.0
1004,1,6.123233995736766e-17,1.0
1005,1,6.123233995736766e-17,1.0
1006,1,0.38268343236508984,0.9238795325112867
1007,1,0.38268343236508984,0.9238795325112867
1008,1,0.7071067811865476,0.7071067811865475
1009,1,-0.5043342057198139,-0.5043342057198137
1010,1,-0.3383180623043727,-0.3383180623043726
1011,2,-0.3826834323650897,0.9238795325112867
1012,2,-0.3826834323650897,0.9238795325112867
1013,2,2.9296857498632844e-17,0.47845399210662953
1014,2,-0.3826834323650897,0.9238795325112867
1015,2,-0.3826834323650897,0.9238795325112867
1016,2,-0.3826834323650897,0.9238795325112867
1017,2,-0.7071067811865475,0.7071067811865476
1018,3,-0.7071067811865475,0.7071067811865476
1019,3,-0.3826834323650897,0.9238795325112867
1020,4,-0.3826834323650897,0.9238795325112867
1021,4,6.123233995736766e-17,1.0
1022,3,6.123233995736766e-17,1.0
1023,3,0.38268343236508984,0.9238795325112867
1024,3,6.123233995736766e-17,1.0
1025,3,6.123233995736766e-17,1.0
1026,3,6.123233995736766e-17,1.0
1027,3,0.38268343236508984,0.9238795325112867
1028,3,6.123233995736766e-17,1.0
1029,3,6.123233995736766e-17,1.0
1030,3,0.38268343236508984,0.9238795325112867
1031,3,0.38268343236508984,0.9238795325112867
1032,3,0.38268343236508984,0.9238795325112867
1033,3,0.38268343236508984,0.9238795325112867
1034,3,0.38268343236508984,0.9238795325112867
1035,3,0.38268343236508984,0.9238795325112867
1036,3,0.38268343236508984,0.9238795325112867
1037,4,0.38268343236508984,0.9238795325112867
1038,4,0.38268343236508984,0.9238795325112867
1039,3,0.38268343236508984,0.9238795325112867
1040,3,6.123233995736766e-17,1.0
1041,3,6.123233995736766e-17,1.0
1042,3,6.123233995736766e-17,1.0
1043,2,6.123233995736766e-17,1.0
1044,2,0.38268343236508984,0.9238795325112867
1045,0,0.7071067811865476,0.7071067811865475
1046,0,0.7071067811865476,0.7071067811865475
1047,0,0.9238795325112867,0.3826834323650898
1048,1,0.9238795325112867,0.3826834323650898
1049,1,0.9238795325112867,0.3826834323650898
1050,1,0.9238795325112867,0.3826834323650898
1051,1,0.7071067811865476,0.7071067811865475
1052,1,0.7071067811865476,0.7071067811865475
1053,1,0.7071067811865476,0.7071067811865475
1054,1,0.38268343236508984,0.9238795325112867
1055,2,0.38268343236508984,0.9238795325112867
1056,2,0.38268343236508984,0.9238795325112867
1057,2,0.38268343236508984,0.9238795325112867
1058,3,-0.7071067811865475,0.7071067811865476
1059,3,-0.7071067811865475,0.7071067811865476
1060,3,-0.3826834323650897,0.9238795325112867
1061,3,-0.3826834323650897,0.9238795325112867
1062,3,-0.3826834323650897,0.9238795325112867
1063,3,-0.3826834323650897,0.9238795325112867
1064,3,-0.3826834323650897,0.9238795325112867
1065,3,-0.272943705305893,0.6589443951138523
1066,3,-0.272943705305893,0.6589443951138523
1067,3,-0.18309641592814455,0.44203385055563177
1068,3,-0.18309641592814455,0.44203385055563177
1069,3,-0.10953567703388525,0.26444251705892496
1070,3,-0.3383180623043726,0.33831806230437267
1071,3,6.123233995736766e-17,1.0
1072,3,6.123233995736766e-17,1.0
1073,3,6.123233995736766e-17,1.0
1074,3,6.123233995736766e-17,1.0
1075,3,6.123233995736766e-17,1.0
1076,3,6.123233995736766e-17,1.0
1077,2,6.123233995736766e-17,1.0
1078,2,6.123233995736766e-17,1.0
1079,2,-0.3826834323650897,0.9238795325112867
1080,1,-0.3826834323650897,0.9238795325112867
1081,1,-0.3826834323650897,0.9238795325112867
1082,1,-0.7071067811865475,0.7071067811865476
1083,2,-0.7071067811865475,0.7071067811865476
1084,2,-0.7071067811865475,0.7071067811865476
1085,3,-0.272943705305893,0.6589443951138523
1086,0,-0.7071067811865475,0.7071067811865476
1087,0,-0.7071067811865475,0.7071067811865476
1088,0,-0.7071067811865475,0.7071067811865476
1089,0,-0.7071067811865475,0.7071067811865476
1090,0,-0.7071067811865475,0.7071067811865476
1091,0,-0.7071067811865475,0.7071067811865476
1092,0,-0.7071067811865475,0.7071067811865476
1093,0,-0.7071067811865475,0.7071067811865476
1094,0,-0.3826834323650897,0.9238795325112867
1095,0,-0.3826834323650897,0.9238795325112867
1096,1,-0.3826834323650897,0.9238795325112867
1097,2,6.123233995736766e-17,1.0
1098,3,6.123233995736766e-17,1.0
1099,3,6.123233995736766e-17,1.0
1100,3,6.123233995736766e-17,1.0
1101,4,0.38268343236508984,0.9238795325112867
1102,4,6.123233995736766e-17,1.0
1103,4,6.123233995736766e-17,1.0
1104,4,6.123233995736766e-17,1.0
1105,4,6.123233995736766e-17,1.0
1106,4,0.38268343236508984,0.9238795325112867
1107,4,0.38268343236508984,0.9238795325112867
1108,4,0.7071067811865476,0.7071067811865475
1109,4,0.7071067811865476,0.7071067811865475
1110,4,0.7071067811865476,0.7071067811865475
1111,4,0.7071067811865476,0.7071067811865475
1112,3,0.7071067811865476,0.7071067811865475
1113,3,0.38268343236508984,0.9238795325112867
1114,3,0.38268343236508984,0.9238795325112867
1115,2,0.38268343236508984,0.9238795325112867
1116,2,6.123233995736766e-17,1.0
1117,2,6.123233995736766e-17,1.0
1118,2,6.123233995736766e-17,1.0
1119,2,0.38268343236508984,0.9238795325112867
1120,1,6.123233995736766e-17,1.0
1121,1,0.38268343236508984,0.9238795325112867
1122,0,0.9238795325112867,0.3826834323650898
1123,0,0.9238795325112867,0.3826834323650898
1124,0,0.9238795325112867,0.3826834323650898
1125,0,0.9238795325112867,0.3826834323650898
1126,0,0.9238795325112867,0.3826834323650898
1127,0,0.9238795325112867,0.3826834323650898
1128,0,0.7071067811865476,0.7071067811865475
1129,0,0.38268343236508984,0.9238795325112867
1130,0,0.38268343236508984,0.9238795325112867
1131,0,0.38268343236508984,0.9238795325112867
1132,1,0.38268343236508984,0.9238795325112867
1133,1,0.38268343236508984,0.9238795325112867
1134,1,6.123233995736766e-17,1.0
1135,3,6.123233995736766e-17,1.0
1136,3,6.123233995736766e-17,1.0
1137,2,6.123233995736766e-17,1.0
1138,2,-0.3826834323650897,0.9238795325112867
1139,2,-0.3826834323650897,0.9238795325112867
1140,2,6.123233995736766e-17,1.0
1141,1,6.123233995736766e-17,1.0
1142,1,6.123233995736766e-17,1.0
1143,0,6.123233995736766e-17,1.0
1144,0,-0.3826834323650897,0.9238795325112867
1145,0,6.123233995736766e-17,1.0
1146,0,-0.3826834323650897,0.9238795325112867
1147,1,-0.3826834323650897,0.9238795325112867
1148,1,6.123233995736766e-17,1.0
1149,1,6.123233995736766e-17,1.0
1150,1,-0.3826834323650897,0.9238795325112867
1151,1,-0.3826834323650897,0.9238795325112867
1152,0,-0.3826834323650897,0.9238795325112867
1153,0,-0.3826834323650897,0.9238795325112867
1154,0,-0.3826834323650897,0.9238795325112867
1155,0,-0.3826834323650897,0.9238795325112867
1156,0,-0.7071067811865475,0.7071067811865476
1157,0,-0.9238795325112867,0.3826834323650899
1158,0,-0.7071067811865475,0.7071067811865476
1159,0,-0.7071067811865475,0.7071067811865476
1160,0,0.9238795325112867,0.3826834323650898
1161,0,0.9238795325112867,0.3826834323650898
1162,0,0.9238795325112867,0.3826834323650898
1163,0,0.9238795325112867,0.3826834323650898
1164,0,0.44203385055563177,0.18309641592814457
1165,0,0.44203385055563177,0.18309641592814457
1166,0,0.38268343236508984,0.9238795325112867
1167,0,0.7071067811865476,0.7071067811865475
1168,1,0.38268343236508984,0.9238795325112867
1169,1,0.38268343236508984,0.9238795325112867
1170,1,0.38268343236508984,0.9238795325112867
1171,2,0.38268343236508984,0.9238795325112867
1172,2,-0.7071067811865475,0.7071067811865476
1173,2,-0.7071067811865475,0.7071067811865476
1174,2,-0.3826834323650897,0.9238795325112867
1175,2,-0.3826834323650897,0.9238795325112867
1176,2,-0.3826834323650897,0.9238795325112867
1177,2,6.123233995736766e-17,1.0
1178,2,6.123233995736766e-17,1.0
1179,3,6.123233995736766e-17,1.0
1180,3,6.123233995736766e-17,1.0
1181,3,6.123233995736766e-17,1.0
1182,3,6.123233995736766e-17,1.0
1183,3,6.123233995736766e-17,1.0
1184,3,6.123233995736766e-17,1.0
1185,3,6.123233995736766e-17,1.0
1186,2,6.123233995736766e-17,1.0
1187,2,6.123233995736766e-17,1.0
1188,2,6.123233995736766e-17,1.0
1189,1,6.123233995736766e-17,1.0
1190,1,6.123233995736766e-17,1.0
1191,1,6.123233995736766e-17,1.0
1192,0,-0.3826834323650897,0.9238795325112867
1193,0,-0.3826834323650897,0.9238795325112867
1194,0,-0.7071067811865475,0.7071067811865476
1195,0,-0.9238795325112867,0.3826834323650899
1196,0,-0.7071067811865475,0.7071067811865476
1197,0,-0.7071067811865475,0.7071067811865476
1198,0,-0.7071067811865475,0.7071067811865476
1199,0,-0.3826834323650897,0.9238795325112867
1200,0,-0.3826834323650897,0.9238795325112867
1201,0,-0.3826834323650897,0.9238795325112867
1202,0,-0.3826834323650897,0.9238795325112867
1203,0,-0.3826834323650897,0.9238795325112867
1204,0,-0.7071067811865475,0.7071067811865476
1205,0,-0.3826834323650897,0.9238795325112867
1206,0,-0.3826834323650897,0.9238795325112867
1207,1,-0.3826834323650897,0.9238795325112867
1208,1,-0.3826834323650897,0.9238795325112867
1209,2,-0.3826834323650897,0.9238795325112867
1210,2,-0.2023955401827464,0.20239554018274641
1211,3,-0.3826834323650897,0.9238795325112867
1212,3,6.123233995736766e-17,1.0
1213,3,6.123233995736766e-17,1.0
1214,3,4.367312598097899e-17,0.7132362736976232
1215,3,-0.5043342057198137,0.5043342057198138
1216,3,-0.5043342057198137,0.5043342057198138
1217,3,6.123233995736766e-17,1.0
1218,3,0.38268343236508984,0.9238795325112867
1219,3,6.123233995736766e-17,1.0
1220,3,6.123233995736766e-17,1.0
1221,3,0.38268343236508984,0.9238795325112867
1222,3,0.7071067811865476,0.7071067811865475
1223,2,0.7071067811865476,0.7071067811865475
1224,2,0.38268343236508984,0.9238795325112867
1225,2,0.7071067811865476,0.7071067811865475
1226,2,0.7071067811865476,0.7071067811865475
1227,2,0.38268343236508984,0.9238795325112867
1228,1,0.38268343236508984,0.9238795325112867
1229,0,0.38268343236508984,0.9238795325112867
1230,0,6.123233995736766e-17,1.0
1231,0,6.123233995736766e-17,1.0
1232,0,6.123233995736766e-17,1.0
1233,0,0.38268343236508984,0.9238795325112867
1234,0,0.38268343236508984,0.9238795325112867
1235,3,0.7071067811865476,0.7071067811865475
1236,3,0.9238795325112867,0.3826834323650898
1237,3,0.9238795325112867,0.3826834323650898
1238,3,0.9238795325112867,0.3826834323650898
1239,3,0.7071067811865476,0.7071067811865475
1240,3,0.7071067811865476,0.7071067811865475
1241,2,0.7071067811865476,0.7071067811865475
1242,2,0.38268343236508984,0.9238795325112867
1243,2,0.38268343236508984,0.9238795325112867
1244,2,6.123233995736766e-17,1.0
1245,3,-0.9238795325112867,0.3826834323650899
1246,3,-0.7071067811865475,0.7071067811865476
1247,2,-0.7071067811865475,0.7071067811865476
1248,3,-0.7071067811865475,0.7071067811865476
1249,3,-0.12885124808584156,1.577972685344674e-17
1250,3,0.10953567703388528,0.26444251705892496
1251,3,-0.3826834323650897,0.9238795325112867
1252,3,-0.3826834323650897,0.9238795325112867
1253,3,-0.3826834323650897,0.9238795325112867
1254,3,-0.3826834323650897,0.9238795325112867
1255,3,-0.3826834323650897,0.9238795325112867
1256,2,-0.3826834323650897,0.9238795325112867
1257,2,-0.5043342057198137,0.5043342057198138
1258,2,-0.3826834323650897,0.9238795325112867
1259,2,-0.3826834323650897,0.9238795325112867
1260,2,6.123233995736766e-17,1.0
1261,2,6.123233995736766e-17,1.0
1262,2,6.123233995736766e-17,1.0
1263,2,0.0,0.0
1264,2,-0.7071067811865475,0.7071067811865476
1265,2,-0.3826834323650897,0.9238795325112867
1266,1,0.38268343236508984,0.9238795325112867
1267,0,0.38268343236508984,0.9238795325112867
1268,0,-0.3826834323650897,0.9238795325112867
1269,2,6.123233995736766e-17,1.0
1270,2,0.38268343236508984,0.9238795325112867
1271,2,0.38268343236508984,0.9238795325112867
1272,2,0.38268343236508984,0.9238795325112867
1273,3,6.123233995736766e-17,1.0
1274,3,6.123233995736766e-17,1.0
1275,3,4.367312598097899e-17,0.7132362736976232
1276,1,0.7071067811865476,0.7071067811865475
1277,1,0.7071067811865476,0.7071067811865475
1278,1,0.7071067811865476,0.7071067811865475
1279,1,0.7071067811865476,0.7071067811865475
1280,1,0.7071067811865476,0.7071067811865475
1281,1,0.7071067811865476,0.7071067811865475
1282,1,0.7071067811865476,0.7071067811865475
1283,1,0.7071067811865476,0.7071067811865475
1284,1,0.7071067811865476,0.7071067811865475
1285,1,0.38268343236508984,0.9238795325112867
1286,2,0.38268343236508984,0.9238795325112867
1287,2,0.38268343236508984,0.9238795325112867
1288,2,6.123233995736766e-17,1.0
1289,2,6.123233995736766e-17,1.0
1290,3,-0.3826834323650897,0.9238795325112867
1291,3,-0.7071067811865475,0.7071067811865476
1292,2,-0.3826834323650897,0.9238795325112867
1293,2,-0.3826834323650897,0.9238795325112867
1294,1,-0.3826834323650897,0.9238795325112867
1295,0,-0.3826834323650897,0.9238795325112867
1296,0,-0.3826834323650897,0.9238795325112867
1297,0,-0.272943705305893,0.6589443951138523
1298,0,-0.3826834323650897,0.9238795325112867
1299,0,6.123233995736766e-17,1.0
1300,1,6.123233995736766e-17,1.0
1301,1,6.123233995736766e-17,1.0
1302,2,6.123233995736766e-17,1.0
1303,2,6.123233995736766e-17,1.0
1304,2,6.123233995736766e-17,1.0
1305,2,-0.3826834323650897,0.9238795325112867
1306,2,-0.3826834323650897,0.9238795325112867
1307,2,-0.3826834323650897,0.9238795325112867
1308,2,-0.7071067811865475,0.7071067811865476
1309,2,-0.7071067811865475,0.7071067811865476
1310,2,-0.3826834323650897,0.9238795325112867
1311,1,-0.3826834323650897,0.9238795325112867
1312,1,0.7071067811865476,0.7071067811865475
1313,1,0.27294370530589307,0.6589443951138523
1314,1,0.33831806230437267,0.3383180623043726
1315,1,0.7071067811865476,0.7071067811865475
1316,1,0.33831806230437267,0.3383180623043726
1317,1,0.7071067811865476,0.7071067811865475
1318,1,4.367312598097899e-17,0.7132362736976232
1319,1,0.38268343236508984,0.9238795325112867
1320,2,0.38268343236508984,0.9238795325112867
1321,2,0.38268343236508984,0.9238795325112867
1322,3,0.38268343236508984,0.9238795325112867
1323,3,0.38268343236508984,0.9238795325112867
1324,3,6.123233995736766e-17,1.0
1325,3,-0.3826834323650897,0.9238795325112867
1326,2,-0.3826834323650897,0.9238795325112867
1327,2,-0.3826834323650897,0.9238795325112867
1328,2,6.123233995736766e-17,1.0
1329,2,6.123233995736766e-17,1.0
1330,1,6.123233995736766e-17,1.0
1331,1,6.123233995736766e-17,1.0
1332,1,-0.3826834323650897,0.9238795325112867
1333,1,6.123233995736766e-17,1.0
1334,1,6.123233995736766e-17,1.0
1335,1,6.123233995736766e-17,1.0
1336,2,6.123233995736766e-17,1.0
1337,3,6.123233995736766e-17,1.0
1338,3,6.123233995736766e-17,1.0
1339,3,6.123233995736766e-17,1.0
1340,3,6.123233995736766e-17,1.0
1341,2,6.123233995736766e-17,1.0
1342,2,-0.3826834323650897,0.9238795325112867
1343,2,-0.3826834323650897,0.9238795325112867
1344,1,-0.7071067811865475,0.7071067811865476
1345,2,-0.7071067811865475,0.7071067811865476
1346,2,-0.3826834323650897,0.9238795325112867
1347,2,6.123233995736766e-17,1.0
1348,0,-0.3826834323650897,0.9238795325112867
1349,0,-0.7071067811865475,0.7071067811865476
1350,1,-0.7071067811865475,0.7071067811865476
1351,2,-0.7071067811865475,0.7071067811865476
1352,2,-0.7071067811865475,0.7071067811865476
1353,2,-0.7071067811865475,0.7071067811865476
1354,2,-0.7071067811865475,0.7071067811865476
1355,2,-0.3826834323650897,0.9238795325112867
1356,2,-0.7071067811865475,0.7071067811865476
1357,2,-0.7071067811865475,0.7071067811865476
1358,2,-0.3826834323650897,0.9238795325112867
1359,3,6.123233995736766e-17,1.0
1360,4,0.7071067811865476,0.7071067811865475
1361,4,0.38268343236508984,0.9238795325112867
1362,4,0.38268343236508984,0.9238795325112867
1363,4,6.123233995736766e-17,1.0
1364,4,6.123233995736766e-17,1.0
1365,4,0.38268343236508984,0.9238795325112867
1366,4,0.38268343236508984,0.9238795325112867
1367,4,0.38268343236508984,0.9238795325112867
1368,4,0.38268343236508984,0.9238795325112867
1369,4,0.38268343236508984,0.9238795325112867
1370,4,0.38268343236508984,0.9238795325112867
1371,3,0.38268343236508984,0.9238795325112867
1372,3,0.38268343236508984,0.9238795325112867
1373,3,0.38268343236508984,0.9238795325112867
1374,3,0.7071067811865476,0.7071067811865475
1375,3,0.7071067811865476,0.7071067811865475
1376,3,0.38268343236508984,0.9238795325112867
1377,2,0.38268343236508984,0.9238795325112867
1378,3,6.123233995736766e-17,1.0
1379,2,6.123233995736766e-17,1.0
1380,2,6.123233995736766e-17,1.0
1381,2,6.123233995736766e-17,1.0
1382,2,6.123233995736766e-17,1.0
1383,2,4.367312598097899e-17,0.7132362736976232
1384,2,0.7071067811865476,0.7071067811865475
1385,2,0.7071067811865476,0.7071067811865475
1386,2,0.9238795325112867,0.3826834323650898
1387,2,0.9238795325112867,0.3826834323650898
1388,2,0.9238795325112867,0.3826834323650898
1389,2,0.7071067811865476,0.7071067811865475
1390,2,0.7071067811865476,0.7071067811865475
1391,3,0.38268343236508984,0.9238795325112867
1392,3,0.38268343236508984,0.9238795325112867
1393,3,6.123233995736766e-17,1.0
1394,4,-0.3826834323650897,0.9238795325112867
1395,4,-0.7071067811865475,0.7071067811865476
1396,4,-0.3826834323650897,0.9238795325112867
1397,4,-0.3826834323650897,0.9238795325112867
1398,4,-0.3826834323650897,0.9238795325112867
1399,3,-0.3826834323650897,0.9238795325112867
1400,3,-0.3826834323650897,0.9238795325112867
1401,3,-0.272943705305893,0.6589443951138523
1402,3,-0.3826834323650897,0.9238795325112867
1403,3,6.123233995736766e-17,1.0
1404,3,6.123233995736766e-17,1.0
1405,3,6.123233995736766e-17,1.0
1406,3,6.123233995736766e-17,1.0
1407,3,6.123233995736766e-17,1.0
1408,3,6.123233995736766e-17,1.0
1409,3,6.123233995736766e-17,1.0
1410,3,6.123233995736766e-17,1.0
1411,3,6.123233995736766e-17,1.0
1412,3,6.123233995736766e-17,1.0
1413,4,6.123233995736766e-17,1.0
1414,4,6.123233995736766e-17,1.0
1415,3,-0.3826834323650897,0.9238795325112867
1416,3,6.123233995736766e-17,1.0
1417,3,4.367312598097899e-17,0.7132362736976232
1418,3,-0.7071067811865475,0.7071067811865476
1419,2,-0.7071067811865475,0.7071067811865476
1420,2,-0.5043342057198137,0.5043342057198138
1421,1,0.7071067811865476,0.7071067811865475
1422,1,0.9238795325112865,-0.3826834323650904
1423,1,0.9238795325112867,0.3826834323650898
1424,1,0.9238795325112867,0.3826834323650898
1425,1,1.0,0.0
1426,1,0.9238795325112867,0.3826834323650898
1427,1,0.7071067811865476,0.7071067811865475
1428,1,0.7071067811865476,0.7071067811865475
1429,1,0.38268343236508984,0.9238795325112867
1430,2,0.38268343236508984,0.9238795325112867
1431,2,0.38268343236508984,0.9238795325112867
1432,2,0.38268343236508984,0.9238795325112867
1433,2,-0.7071067811865475,0.7071067811865476
1434,2,0.38268343236508984,0.9238795325112867
1435,2,6.123233995736766e-17,1.0
1436,2,6.123233995736766e-17,1.0
1437,2,-0.3826834323650897,0.9238795325112867
1438,2,-0.3826834323650897,0.9238795325112867
1439,2,-0.3826834323650897,0.9238795325112867
1440,2,-0.3826834323650897,0.9238795325112867
1441,2,-0.3826834323650897,0.9238795325112867
1442,3,-0.3826834323650897,0.9238795325112867
1443,3,-0.3826834323650897,0.9238795325112867
1444,3,-0.3826834323650897,0.9238795325112867
1445,3,-0.3826834323650897,0.9238795325112867
1446,3,-0.3826834323650897,0.9238795325112867
1447,3,-0.3826834323650897,0.9238795325112867
1448,3,6.123233995736766e-17,1.0
1449,3,6.123233995736766e-17,1.0
1450,3,6.123233995736766e-17,1.0
1451,3,6.123233995736766e-17,1.0
1452,3,-0.3826834323650897,0.9238795325112867
1453,3,-0.3826834323650897,0.9238795325112867
1454,3,-0.3826834323650897,0.9238795325112867
1455,3,-0.3826834323650897,0.9238795325112867
1456,3,-0.7071067811865475,0.7071067811865476
1457,3,-0.3826834323650897,0.9238795325112867
1458,3,-0.3826834323650897,0.9238795325112867
1459,2,-0.272943705305893,0.6589443951138523
1460,0,0.9238795325112867,0.3826834323650898
1461,0,0.9238795325112867,0.3826834323650898
1462,0,0.9238795325112867,0.3826834323650898
1463,0,0.38268343236508984,0.9238795325112867
1464,0,0.7071067811865476,0.7071067811865475
1465,0,0.38268343236508984,0.9238795325112867
1466,0,0.38268343236508984,0.9238795325112867
1467,1,0.38268343236508984,0.9238795325112867
1468,1,0.38268343236508984,0.9238795325112867
1469,1,0.38268343236508984,0.9238795325112867
1470,1,0.38268343236508984,0.9238795325112867
1471,2,0.38268343236508984,0.9238795325112867
1472,3,0.38268343236508984,0.9238795325112867
1473,3,6.123233995736766e-17,1.0
1474,3,6.123233995736766e-17,1.0
1475,3,6.123233995736766e-17,1.0
1476,2,6.123233995736766e-17,1.0
1477,2,6.123233995736766e-17,1.0
1478,2,6.123233995736766e-17,1.0
1479,2,6.123233995736766e-17,1.0
1480,2,-0.3826834323650897,0.9238795325112867
1481,2,-0.3826834323650897,0.9238795325112867
1482,2,6.123233995736766e-17,1.0
1483,1,6.123233995736766e-17,1.0
1484,2,6.123233995736766e-17,1.0
1485,2,6.123233995736766e-17,1.0
1486,2,6.123233995736766e-17,1.0
1487,2,-0.3826834323650897,0.9238795325112867
1488,3,-0.3826834323650897,0.9238795325112867
1489,3,-0.3826834323650897,0.9238795325112867
1490,2,-0.3826834323650897,0.9238795325112867
1491,2,-0.7071067811865475,0.7071067811865476
1492,2,-0.7071067811865475,0.7071067811865476
1493,1,-0.7071067811865475,0.7071067811865476
1494,1,-0.7071067811865475,0.7071067811865476
1495,1,-0.7071067811865475,0.7071067811865476
1496,0,-0.5043342057198137,0.5043342057198138
1497,1,0.7071067811865476,0.7071067811865475
1498,1,0.7071067811865476,0.7071067811865475
1499,1,0.7071067811865476,0.7071067811865475
1500,1,0.7071067811865476,0.7071067811865475
1501,0,0.7071067811865476,0.7071067811865475
1502,0,0.9238795325112867,0.3826834323650898
1503,0,0.7071067811865476,0.7071067811865475
1504,0,0.7071067811865476,0.7071067811865475
1505,1,0.7071067811865476,0.7071067811865475
1506,2,0.38268343236508984,0.9238795325112867
1507,2,0.38268343236508984,0.9238795325112867
1508,2,0.38268343236508984,0.9238795325112867
1509,2,6.123233995736766e-17,1.0
1510,3,6.123233995736766e-17,1.0
1511,3,-0.3826834323650897,0.9238795325112867
1512,3,-0.3826834323650897,0.9238795325112867
1513,3,-0.3826834323650897,0.9238795325112867
1514,3,-0.3826834323650897,0.9238795325112867
1515,3,-0.3826834323650897,0.9238795325112867
1516,3,6.123233995736766e-17,1.0
1517,3,6.123233995736766e-17,1.0
1518,3,-0.3826834323650897,0.9238795325112867
1519,3,-0.3826834323650897,0.9238795325112867
1520,3,-0.3826834323650897,0.9238795325112867
1521,3,-0.3826834323650897,0.9238795325112867
1522,2,6.123233995736766e-17,1.0
1523,2,6.123233995736766e-17,1.0
1524,1,6.123233995736766e-17,1.0
1525,1,6.123233995736766e-17,1.0
1526,1,-0.3826834323650897,0.9238795325112867
1527,1,-0.3826834323650897,0.9238795325112867
1528,1,-0.3826834323650897,0.9238795325112867
1529,1,-0.7071067811865475,0.7071067811865476
1530,1,-0.7071067811865475,0.7071067811865476
1531,1,-0.7071067811865475,0.7071067811865476
1532,1,-0.3826834323650897,0.9238795325112867
1533,0,-0.3826834323650897,0.9238795325112867
1534,0,-0.3826834323650897,0.9238795325112867
1535,0,-0.3826834323650897,0.9238795325112867
1536,0,-0.3826834323650897,0.9238795325112867
1537,0,-0.7071067811865475,0.7071067811865476
1538,0,-0.18309641592814455,0.44203385055563177
1539,0,-0.5043342057198137,0.5043342057198138
1540,0,-0.5043342057198137,0.5043342057198138
1541,0,-0.7071067811865475,0.7071067811865476
1542,0,-0.3826834323650897,0.9238795325112867
1543,0,-0.3826834323650897,0.9238795325112867
1544,0,-0.3826834323650897,0.9238795325112867
1545,1,-0.3826834323650897,0.9238795325112867
1546,1,6.123233995736766e-17,1.0
1547,2,-0.3826834323650897,0.9238795325112867
1548,2,6.123233995736766e-17,1.0
1549,2,6.123233995736766e-17,1.0
1550,2,0.38268343236508984,0.9238795325112867
1551,2,0.38268343236508984,0.9238795325112867
1552,1,0.38268343236508984,0.9238795325112867
1553,1,0.38268343236508984,0.9238795325112867
1554,1,0.38268343236508984,0.9238795325112867
1555,1,0.38268343236508984,0.9238795325112867
1556,2,0.38268343236508984,0.9238795325112867
1557,2,0.38268343236508984,0.9238795325112867
1558,2,0.38268343236508984,0.9238795325112867
1559,2,0.7071067811865476,0.7071067811865475
1560,2,0.38268343236508984,0.9238795325112867
1561,1,0.38268343236508984,0.9238795325112867
1562,1,0.38268343236508984,0.9238795325112867
1563,1,0.38268343236508984,0.9238795325112867
1564,1,6.123233995736766e-17,1.0
1565,1,6.123233995736766e-17,1.0
1566,1,6.123233995736766e-17,1.0
1567,1,6.123233995736766e-17,1.0
1568,1,6.123233995736766e-17,1.0
1569,0,-0.7071067811865475,0.7071067811865476
1570,0,-0.7071067811865475,0.7071067811865476
1571,1,-0.7071067811865475,0.7071067811865476
1572,1,-0.7071067811865475,0.7071067811865476
1573,1,-0.7071067811865475,0.7071067811865476
1574,1,-0.3826834323650897,0.9238795325112867
1575,1,-0.3826834323650897,0.9238795325112867
1576,1,-0.3826834323650897,0.9238795325112867
1577,2,6.123233995736766e-17,1.0
1578,2,-0.3826834323650897,0.9238795325112867
1579,3,-0.3826834323650897,0.9238795325112867
1580,3,-0.3826834323650897,0.9238795325112867
1581,4,6.123233995736766e-17,1.0
1582,4,6.123233995736766e-17,1.0
1583,4,0.38268343236508984,0.9238795325112867
1584,4,0.38268343236508984,0.9238795325112867
1585,4,0.38268343236508984,0.9238795325112867
1586,4,0.38268343236508984,0.9238795325112867
1587,4,0.9238795325112867,0.3826834323650898
1588,4,0.7071067811865476,0.7071067811865475
1589,2,0.7071067811865476,0.7071067811865475
1590,3,0.38268343236508984,0.9238795325112867
1591,3,0.38268343236508984,0.9238795325112867
1592,2,0.38268343236508984,0.9238795325112867
1593,2,6.123233995736766e-17,1.0
1594,2,0.38268343236508984,0.9238795325112867
1595,2,0.38268343236508984,0.9238795325112867
1596,2,0.38268343236508984,0.9238795325112867
1597,2,0.38268343236508984,0.9238795325112867
1598,2,0.38268343236508984,0.9238795325112867
1599,2,6.123233995736766e-17,1.0
1600,1,-0.3826834323650897,0.9238795325112867
1601,1,-0.3826834323650897,0.9238795325112867
1602,1,6.123233995736766e-17,1.0
1603,0,-0.272943705305893,0.6589443951138523
1604,0,6.123233995736766e-17,1.0
1605,0,-0.3826834323650897,0.9238795325112867
1606,0,-0.3826834323650897,0.9238795325112867
1607,0,-0.3826834323650897,0.9238795325112867
1608,0,-0.3826834323650897,0.9238795325112867
1609,0,-0.3826834323650897,0.9238795325112867
1610,0,-0.3826834323650897,0.9238795325112867
1611,0,-0.3826834323650897,0.9238795325112867
1612,1,-0.3826834323650897,0.9238795325112867
1613,1,-0.3826834323650897,0.9238795325112867
1614,2,-0.3826834323650897,0.9238795325112867
1615,3,6.123233995736766e-17,1.0
1616,3,-0.3826834323650897,0.9238795325112867
1617,3,6.123233995736766e-17,1.0
1618,3,-0.3826834323650897,0.9238795325112867
1619,3,6.123233995736766e-17,1.0
1620,3,6.123233995736766e-17,1.0
1621,3,6.123233995736766e-17,1.0
1622,2,0.38268343236508984,0.9238795325112867
1623,2,0.38268343236508984,0.9238795325112867
1624,2,0.38268343236508984,0.9238795325112867
1625,2,0.38268343236508984,0.9238795325112867
1626,2,0.7071067811865476,0.7071067811865475
1627,3,0.38268343236508984,0.9238795325112867
1628,2,0.7071067811865476,0.7071067811865475
1629,2,0.7071067811865476,0.7071067811865475
1630,2,0.38268343236508984,0.9238795325112867
1631,2,0.38268343236508984,0.9238795325112867
1632,2,0.38268343236508984,0.9238795325112867
1633,1,6.123233995736766e-17,1.0
1634,1,6.123233995736766e-17,1.0
1635,1,-0.3826834323650897,0.9238795325112867
1636,0,6.123233995736766e-17,1.0
1637,0,6.123233995736766e-17,1.0
1638,0,0.38268343236508984,0.9238795325112867
1639,0,-0.3826834323650897,0.9238795325112867
1640,0,-0.3826834323650897,0.9238795325112867
1641,0,-0.3826834323650897,0.9238795325112867
1642,0,-0.3826834323650897,0.9238795325112867
1643,0,-0.7071067811865475,0.7071067811865476
1644,0,-0.7071067811865475,0.7071067811865476
1645,0,-0.7071067811865475,0.7071067811865476
1646,0,-0.3826834323650897,0.9238795325112867
1647,0,-0.3826834323650897,0.9238795325112867
1648,0,-0.3826834323650897,0.9238795325112867
1649,0,-0.3826834323650897,0.9238795325112867
1650,2,-0.3826834323650897,0.9238795325112867
1651,2,-0.3826834323650897,0.9238795325112867
1652,1,-0.3826834323650897,0.9238795325112867
1653,1,6.123233995736766e-17,1.0
1654,1,6.123233995736766e-17,1.0
1655,1,6.123233995736766e-17,1.0
1656,2,6.123233995736766e-17,1.0
1657,2,6.123233995736766e-17,1.0
1658,2,0.38268343236508984,0.9238795325112867
1659,2,0.38268343236508984,0.9238795325112867
1660,3,0.7071067811865476,0.7071067811865475
1661,3,0.7071067811865476,0.7071067811865475
1662,3,0.7071067811865476,0.7071067811865475
1663,3,0.7071067811865476,0.7071067811865475
1664,3,0.7071067811865476,0.7071067811865475
1665,2,0.7071067811865476,0.7071067811865475
1666,2,0.38268343236508984,0.9238795325112867
1667,2,0.38268343236508984,0.9238795325112867
1668,1,0.38268343236508984,0.9238795325112867
1669,1,6.123233995736766e-17,1.0
1670,1,6.123233995736766e-17,1.0
1671,1,6.123233995736766e-17,1.0
1672,0,6.123233995736766e-17,1.0
1673,0,6.123233995736766e-17,1.0
1674,0,0.9238795325112867,0.3826834323650898
1675,0,0.9238795325112867,0.3826834323650898
1676,0,0.9238795325112867,0.3826834323650898
1677,0,0.9238795325112867,0.3826834323650898
1678,0,0.9238795325112867,0.3826834323650898
1679,0,0.9238795325112867,0.3826834323650898
1680,0,0.7071067811865476,0.7071067811865475
1681,0,0.7071067811865476,0.7071067811865475
1682,0,0.38268343236508984,0.9238795325112867
1683,0,0.38268343236508984,0.9238795325112867
1684,0,0.38268343236508984,0.9238795325112867
1685,1,0.38268343236508984,0.9238795325112867
1686,2,0.38268343236508984,0.9238795325112867
1687,2,-0.7071067811865475,0.7071067811865476
1688,3,-0.7071067811865475,0.7071067811865476
1689,3,6.123233995736766e-17,1.0
1690,3,-0.3826834323650897,0.9238795325112867
1691,3,-0.3826834323650897,0.9238795325112867
1692,3,-0.3826834323650897,0.9238795325112867
1693,2,-0.3826834323650897,0.9238795325112867
1694,3,6.123233995736766e-17,1.0
1695,3,-0.3826834323650897,0.9238795325112867
1696,3,-0.3826834323650897,0.9238795325112867
1697,3,6.123233995736766e-17,1.0
1698,3,6.123233995736766e-17,1.0
1699,3,6.123233995736766e-17,1.0
1700,3,-0.3826834323650897,0.9238795325112867
1701,3,6.123233995736766e-17,1.0
1702,3,6.123233995736766e-17,1.0
1703,3,6.123233995736766e-17,1.0
1704,3,-0.3826834323650897,0.9238795325112867
1705,2,-0.3826834323650897,0.9238795325112867
1706,2,-0.3826834323650897,0.9238795325112867
1707,1,-0.3826834323650897,0.9238795325112867
1708,1,-0.7071067811865475,0.7071067811865476
1709,1,-0.7071067811865475,0.7071067811865476
1710,1,-0.7071067811865475,0.7071067811865476
1711,1,-0.3826834323650897,0.9238795325112867
1712,0,-0.3826834323650897,0.9238795325112867
1713,1,-0.3826834323650897,0.9238795325112867
1714,1,-0.3826834323650897,0.9238795325112867
1715,1,-0.3826834323650897,0.9238795325112867
1716,0,-0.3826834323650897,0.9238795325112867
1717,0,-0.3826834323650897,0.9238795325112867
1718,0,-0.7071067811865475,0.7071067811865476
1719,0,-0.3826834323650897,0.9238795325112867
1720,0,-0.3826834323650897,0.9238795325112867
1721,1,-0.3826834323650897,0.9238795325112867
1722,2,-0.3826834323650897,0.9238795325112867
1723,3,-0.3826834323650897,0.9238795325112867
1724,3,-0.3826834323650897,0.9238795325112867
1725,2,-0.3826834323650897,0.9238795325112867
1726,2,-0.7071067811865475,0.7071067811865476
1727,2,6.123233995736766e-17,1.0
1728,2,-0.3826834323650897,0.9238795325112867
1729,2,6.123233995736766e-17,1.0
1730,2,0.38268343236508984,0.9238795325112867
1731,2,0.38268343236508984,0.9238795325112867
1732,2,0.38268343236508984,0.9238795325112867
1733,2,0.38268343236508984,0.9238795325112867
1734,2,0.7071067811865476,0.7071067811865475
1735,2,0.7071067811865476,0.7071067811865475
1736,2,0.7071067811865476,0.7071067811865475
1737,2,0.38268343236508984,0.9238795325112867
1738,2,0.7071067811865476,0.7071067811865475
1739,2,0.7071067811865476,0.7071067811865475
1740,2,0.38268343236508984,0.9238795325112867
1741,1,0.38268343236508984,0.9238795325112867
1742,0,0.38268343236508984,0.9238795325112867
1743,0,6.123233995736766e-17,1.0
1744,0,6.123233995736766e-17,1.0
1745,0,6.123233995736766e-17,1.0
1746,1,6.123233995736766e-17,1.0
1747,0,6.123233995736766e-17,1.0
1748,1,0.7071067811865476,0.7071067811865475
1749,1,0.7071067811865476,0.7071067811865475
1750,1,0.9238795325112867,0.3826834323650898
1751,1,0.9238795325112867,0.3826834323650898
1752,1,0.7071067811865476,0.7071067811865475
1753,1,0.7071067811865476,0.7071067811865475
1754,2,0.38268343236508984,0.9238795325112867
1755,2,0.38268343236508984,0.9238795325112867
1756,2,0.38268343236508984,0.9238795325112867
1757,3,0.38268343236508984,0.9238795325112867
1758,3,0.38268343236508984,0.9238795325112867
1759,3,6.123233995736766e-17,1.0
1760,3,6.123233995736766e-17,1.0
1761,3,-0.7071067811865475,0.7071067811865476
1762,3,-0.3826834323650897,0.9238795325112867
1763,3,-0.3826834323650897,0.9238795325112867
1764,3,6.123233995736766e-17,1.0
1765,3,-0.3826834323650897,0.9238795325112867
1766,3,6.123233995736766e-17,1.0
1767,3,-0.3826834323650897,0.9238795325112867
1768,3,-0.3826834323650897,0.9238795325112867
1769,3,-0.3826834323650897,0.9238795325112867
1770,3,6.123233995736766e-17,1.0
1771,3,6.123233995736766e-17,1.0
1772,3,6.123233995736766e-17,1.0
1773,3,6.123233995736766e-17,1.0
1774,3,6.123233995736766e-17,1.0
1775,3,6.123233995736766e-17,1.0
1776,2,6.123233995736766e-17,1.0
1777,2,-0.3826834323650897,0.9238795325112867
1778,2,-0.3826834323650897,0.9238795325112867
1779,1,-0.3826834323650897,0.9238795325112867
1780,1,-0.7071067811865475,0.7071067811865476
1781,1,-0.7071067811865475,0.7071067811865476
1782,1,-0.3826834323650897,0.9238795325112867
1783,1,-0.3826834323650897,0.9238795325112867
1784,0,-0.3826834323650897,0.9238795325112867
1785,0,-0.3826834323650897,0.9238795325112867
1786,0,-0.7071067811865475,0.7071067811865476
1787,0,-0.7071067811865475,0.7071067811865476
1788,0,-0.7071067811865475,0.7071067811865476
1789,0,-0.3826834323650897,0.9238795325112867
1790,0,-0.7071067811865475,0.7071067811865476
1791,0,-0.3826834323650897,0.9238795325112867
1792,0,-0.3826834323650897,0.9238795325112867
1793,0,-0.3826834323650897,0.9238795325112867
1794,0,-0.3826834323650897,0.9238795325112867
1795,1,-0.3826834323650897,0.9238795325112867
1796,2,6.123233995736766e-17,1.0
1797,2,6.123233995736766e-17,1.0
1798,2,6.123233995736766e-17,1.0
1799,2,6.123233995736766e-17,1.0
1800,2,6.123233995736766e-17,1.0
1801,2,0.38268343236508984,0.9238795325112867
1802,2,0.38268343236508984,0.9238795325112867
1803,2,0.38268343236508984,0.9238795325112867
1804,2,0.38268343236508984,0.9238795325112867
1805,2,0.7071067811865476,0.7071067811865475
1806,2,0.7071067811865476,0.7071067811865475
1807,2,0.7071067811865476,0.7071067811865475
1808,2,0.7071067811865476,0.7071067811865475
1809,2,0.38268343236508984,0.9238795325112867
1810,2,0.38268343236508984,0.9238795325112867
1811,2,0.38268343236508984,0.9238795325112867
1812,2,0.38268343236508984,0.9238795325112867
1813,2,6.123233995736766e-17,1.0
1814,1,6.123233995736766e-17,1.0
1815,0,6.123233995736766e-17,1.0
1816,0,6.123233995736766e-17,1.0
1817,0,6.123233995736766e-17,1.0
1818,0,0.38268343236508984,0.9238795325112867
1819,0,-0.3826834323650897,0.9238795325112867
1820,0,-0.3826834323650897,0.9238795325112867
1821,0,-0.7071067811865475,0.7071067811865476
1822,0,-0.3826834323650897,0.9238795325112867
1823,0,-0.3826834323650897,0.9238795325112867
1824,0,-0.7071067811865475,0.7071067811865476
1825,0,-0.7071067811865475,0.7071067811865476
1826,0,-0.3826834323650897,0.9238795325112867
1827,1,-0.3826834323650897,0.9238795325112867
1828,3,-0.3826834323650897,0.9238795325112867
1829,3,-0.3826834323650897,0.9238795325112867
1830,3,-0.3826834323650897,0.9238795325112867
1831,3,6.123233995736766e-17,1.0
1832,3,6.123233995736766e-17,1.0
1833,2,6.123233995736766e-17,1.0
1834,2,6.123233995736766e-17,1.0
1835,2,6.123233995736766e-17,1.0
1836,2,0.38268343236508984,0.9238795325112867
1837,2,6.123233995736766e-17,1.0
1838,3,0.38268343236508984,0.9238795325112867
1839,3,0.38268343236508984,0.9238795325112867
1840,3,0.38268343236508984,0.9238795325112867
1841,2,0.38268343236508984,0.9238795325112867
1842,2,0.38268343236508984,0.9238795325112867
1843,1,0.7071067811865476,0.7071067811865475
1844,1,0.7071067811865476,0.7071067811865475
1845,1,0.7071067811865476,0.7071067811865475
1846,3,0.38268343236508984,0.9238795325112867
1847,3,0.38268343236508984,0.9238795325112867
1848,3,0.38268343236508984,0.9238795325112867
1849,2,6.123233995736766e-17,1.0
1850,2,6.123233995736766e-17,1.0
1851,1,6.123233995736766e-17,1.0
1852,0,6.123233995736766e-17,1.0
1853,0,-0.3826834323650897,0.9238795325112867
1854,0,-0.3826834323650897,0.9238795325112867
1855,0,-0.3826834323650897,0.9238795325112867
1856,0,-0.3826834323650897,0.9238795325112867
1857,0,-0.3826834323650897,0.9238795325112867
1858,0,-0.3826834323650897,0.9238795325112867
1859,1,-0.3826834323650897,0.9238795325112867
1860,1,-0.3826834323650897,0.9238795325112867
1861,1,-0.3826834323650897,0.9238795325112867
1862,3,-0.3826834323650897,0.9238795325112867
1863,4,-0.3826834323650897,0.9238795325112867
1864,4,-0.3826834323650897,0.9238795325112867
1865,4,-0.3826834323650897,0.9238795325112867
1866,4,-0.2023955401827464,0.20239554018274641
1867,4,-0.272943705305893,0.6589443951138523
1868,4,-0.272943705305893,0.6589443951138523
1869,4,6.123233995736766e-17,1.0
1870,4,6.123233995736766e-17,1.0
1871,4,6.123233995736766e-17,1.0
1872,4,6.123233995736766e-17,1.0
1873,4,6.123233995736766e-17,1.0
1874,4,0.7071067811865476,0.7071067811865475
1875,4,0.7071067811865476,0.7071067811865475
1876,4,0.7071067811865476,0.7071067811865475
1877,4,0.7071067811865476,0.7071067811865475
1878,3,0.7071067811865476,0.7071067811865475
1879,3,0.7071067811865476,0.7071067811865475
1880,3,0.7071067811865476,0.7071067811865475
1881,3,0.38268343236508984,0.9238795325112867
1882,3,0.38268343236508984,0.9238795325112867
1883,2,6.123233995736766e-17,1.0
1884,1,6.123233995736766e-17,1.0
1885,1,6.123233995736766e-17,1.0
1886,0,6.123233995736766e-17,1.0
1887,0,6.123233995736766e-17,1.0
1888,0,6.123233995736766e-17,1.0
1889,0,-0.3826834323650897,0.9238795325112867
1890,0,-0.3826834323650897,0.9238795325112867
1891,0,-0.3826834323650897,0.9238795325112867
1892,0,-0.7071067811865475,0.7071067811865476
1893,0,-0.7071067811865475,0.7071067811865476
1894,0,-0.7071067811865475,0.7071067811865476
1895,0,-0.7071067811865475,0.7071067811865476
1896,1,-0.3826834323650897,0.9238795325112867
1897,1,-0.3826834323650897,0.9238795325112867
1898,1,-0.3826834323650897,0.9238795325112867
1899,3,-0.3826834323650897,0.9238795325112867
1900,3,-0.3826834323650897,0.9238795325112867
1901,4,6.123233995736766e-17,1.0
1902,4,6.123233995736766e-17,1.0
1903,4,6.123233995736766e-17,1.0
1904,4,0.38268343236508984,0.9238795325112867
1905,4,0.38268343236508984,0.9238795325112867
1906,4,0.38268343236508984,0.9238795325112867
1907,4,0.38268343236508984,0.9238795325112867
1908,4,0.38268343236508984,0.9238795325112867
1909,4,0.38268343236508984,0.9238795325112867
1910,4,0.38268343236508984,0.9238795325112867
1911,4,0.7071067811865476,0.7071067811865475
1912,4,0.38268343236508984,0.9238795325112867
1913,4,0.7071067811865476,0.7071067811865475
1914,4,0.38268343236508984,0.9238795325112867
1915,3,0.38268343236508984,0.9238795325112867
1916,3,0.38268343236508984,0.9238795325112867
1917,2,0.38268343236508984,0.9238795325112867
1918,1,6.123233995736766e-17,1.0
1919,1,6.123233995736766e-17,1.0
1920,2,6.123233995736766e-17,1.0
1921,2,6.123233995736766e-17,1.0
1922,2,6.123233995736766e-17,1.0
1923,2,0.27294370530589307,0.6589443951138523
1924,0,-0.3826834323650897,0.9238795325112867
1925,0,-0.7071067811865475,0.7071067811865476
1926,0,-0.7071067811865475,0.7071067811865476
1927,0,-0.7071067811865475,0.7071067811865476
1928,0,-0.7071067811865475,0.7071067811865476
1929,0,-0.7071067811865475,0.7071067811865476
1930,0,-0.7071067811865475,0.7071067811865476
1931,0,-0.3826834323650897,0.9238795325112867
1932,1,-0.3826834323650897,0.9238795325112867
1933,1,-0.3826834323650897,0.9238795325112867
1934,2,6.123233995736766e-17,1.0
1935,3,-0.272943705305893,0.6589443951138523
1936,3,6.123233995736766e-17,1.0
1937,3,4.367312598097899e-17,0.7132362736976232
1938,4,0.38268343236508984,0.9238795325112867
1939,4,6.123233995736766e-17,1.0
1940,4,0.38268343236508984,0.9238795325112867
1941,4,0.27294370530589307,0.6589443951138523
1942,4,0.38268343236508984,0.9238795325112867
1943,4,0.38268343236508984,0.9238795325112867
1944,4,0.38268343236508984,0.9238795325112867
1945,4,0.38268343236508984,0.9238795325112867
1946,4,0.38268343236508984,0.9238795325112867
1947,4,0.38268343236508984,0.9238795325112867
1948,4,0.7071067811865476,0.7071067811865475
1949,4,0.38268343236508984,0.9238795325112867
1950,3,0.7071067811865476,0.7071067811865475
1951,3,0.7071067811865476,0.7071067811865475
1952,3,0.38268343236508984,0.9238795325112867
1953,2,0.38268343236508984,0.9238795325112867
1954,2,6.123233995736766e-17,1.0
1955,2,6.123233995736766e-17,1.0
1956,0,6.123233995736766e-17,1.0
1957,0,-0.3826834323650897,0.9238795325112867
1958,0,6.123233995736766e-17,1.0
1959,0,0.38268343236508984,0.9238795325112867
1960,1,0.7071067811865476,0.7071067811865475
1961,1,0.7071067811865476,0.7071067811865475
1962,1,0.7071067811865476,0.7071067811865475
1963,1,0.9238795325112867,0.3826834323650898
1964,1,0.7071067811865476,0.7071067811865475
1965,1,0.7071067811865476,0.7071067811865475
1966,1,0.38268343236508984,0.9238795325112867
1967,2,0.38268343236508984,0.9238795325112867
1968,2,0.38268343236508984,0.9238795325112867
1969,3,0.38268343236508984,0.9238795325112867
1970,3,0.38268343236508984,0.9238795325112867
1971,4,6.123233995736766e-17,1.0
1972,3,6.123233995736766e-17,1.0
1973,3,6.123233995736766e-17,1.0
1974,2,6.123233995736766e-17,1.0
1975,2,6.123233995736766e-17,1.0
1976,2,6.123233995736766e-17,1.0
1977,2,6.123233995736766e-17,1.0
1978,3,-0.3826834323650897,0.9238795325112867
1979,3,-0.3826834323650897,0.9238795325112867
1980,2,-0.3826834323650897,0.9238795325112867
1981,2,6.123233995736766e-17,1.0
1982,2,6.123233995736766e-17,1.0
1983,2,-0.3826834323650897,0.9238795325112867
1984,2,6.123233995736766e-17,1.0
1985,3,6.123233995736766e-17,1.0
1986,3,6.123233995736766e-17,1.0
1987,3,6.123233995736766e-17,1.0
1988,2,-0.3826834323650897,0.9238795325112867
1989,2,-0.3826834323650897,0.9238795325112867
1990,2,-0.3826834323650897,0.9238795325112867
1991,2,-0.7071067811865475,0.7071067811865476
1992,2,-0.7071067811865475,0.7071067811865476
1993,1,-0.7071067811865475,0.7071067811865476
1994,1,-0.7071067811865475,0.7071067811865476
1995,1,-0.3826834323650897,0.9238795325112867
1996,0,0.9238795325112867,0.3826834323650898
1997,0,0.9238795325112867,0.3826834323650898
1998,0,0.9238795325112867,0.3826834323650898
1999,0,0.9238795325112867,0.3826834323650898
2000,0,0.9238795325112867,0.3826834323650898
2001,0,0.9238795325112867,0.3826834323650898
2002,0,0.7071067811865476,0.7071067811865475
2003,0,0.38268343236508984,0.9238795325112867
2004,0,0.38268343236508984,0.9238795325112867
2005,1,0.38268343236508984,0.9238795325112867
2006,1,6.123233995736766e-17,1.0
2007,1,-0.7071067811865475,0.7071067811865476
2008,2,-0.7071067811865475,0.7071067811865476
2009,2,-0.7071067811865475,0.7071067811865476
2010,2,6.123233995736766e-17,1.0
2011,2,6.123233995736766e-17,1.0
2012,2,6.123233995736766e-17,1.0
2013,2,-0.3826834323650897,0.9238795325112867
2014,1,4.367312598097899e-17,0.7132362736976232
2015,1,4.367312598097899e-17,0.7132362736976232
2016,1,6.123233995736766e-17,1.0
2017,1,6.123233995736766e-17,1.0
2018,1,-0.3826834323650897,0.9238795325112867
2019,1,6.123233995736766e-17,1.0
2020,1,6.123233995736766e-17,1.0
2021,2,6.123233995736766e-17,1.0
2022,2,6.123233995736766e-17,1.0
2023,2,6.123233995736766e-17,1.0
2024,2,6.123233995736766e-17,1.0
2025,1,6.123233995736766e-17,1.0
2026,1,6.123233995736766e-17,1.0
2027,1,6.123233995736766e-17,1.0
2028,1,-0.3826834323650897,0.9238795325112867
2029,0,-0.3826834323650897,0.9238795325112867
2030,0,-0.7071067811865475,0.7071067811865476
2031,1,-0.7071067811865475,0.7071067811865476
2032,0,-0.7071067811865475,0.7071067811865476
2033,0,-0.7071067811865475,0.7071067811865476
2034,0,-0.3826834323650897,0.9238795325112867
2035,1,-0.3826834323650897,0.9238795325112867
2036,1,-0.3826834323650897,0.9238795325112867
2037,1,-0.7071067811865475,0.7071067811865476
2038,1,-0.7071067811865475,0.7071067811865476
2039,2,-0.7071067811865475,0.7071067811865476
2040,2,-0.7071067811865475,0.7071067811865476
2041,2,-0.7132362736976232,8.734625196195798e-17
2042,2,-0.7071067811865475,0.7071067811865476
2043,2,-0.3826834323650897,0.9238795325112867
2044,2,-0.3826834323650897,0.9238795325112867
2045,2,-0.3826834323650897,0.9238795325112867
2046,3,6.123233995736766e-17,1.0
2047,3,6.123233995736766e-17,1.0
2048,3,0.38268343236508984,0.9238795325112867
2049,3,6.123233995736766e-17,1.0
2050,3,0.38268343236508984,0.9238795325112867
2051,3,0.38268343236508984,0.9238795325112867
2052,3,0.38268343236508984,0.9238795325112867
2053,3,6.123233995736766e-17,1.0
2054,3,6.123233995736766e-17,1.0
2055,3,0.38268343236508984,0.9238795325112867
2056,3,0.7071067811865476,0.7071067811865475
2057,3,0.7071067811865476,0.7071067811865475
2058,3,0.7071067811865476,0.7071067811865475
2059,3,0.7071067811865476,0.7071067811865475
2060,3,0.7071067811865476,0.7071067811865475
2061,3,0.38268343236508984,0.9238795325112867
2062,3,0.38268343236508984,0.9238795325112867
2063,3,0.38268343236508984,0.9238795325112867
2064,2,0.38268343236508984,0.9238795325112867
2065,2,0.38268343236508984,0.9238795325112867
2066,1,6.123233995736766e-17,1.0
2067,1,6.123233995736766e-17,1.0
2068,1,-0.3826834323650897,0.9238795325112867
2069,1,-0.3826834323650897,0.9238795325112867
2070,0,6.123233995736766e-17,1.0
2071,0,6.123233995736766e-17,1.0
2072,0,-0.3826834323650897,0.9238795325112867
2073,0,-0.3826834323650897,0.9238795325112867
2074,0,-0.3826834323650897,0.9238795325112867
2075,0,-0.3826834323650897,0.9238795325112867
2076,0,-0.3826834323650897,0.9238795325112867
2077,0,-0.3826834323650897,0.9238795325112867
2078,0,-0.7071067811865475,0.7071067811865476
2079,0,-0.3826834323650897,0.9238795325112867
2080,0,-0.3826834323650897,0.9238795325112867
2081,1,-0.3826834323650897,0.9238795325112867
2082,2,-0.3826834323650897,0.9238795325112867
2083,3,-0.3826834323650897,0.9238795325112867
2084,3,-0.3826834323650897,0.9238795325112867
2085,3,-0.3826834323650897,0.9238795325112867
2086,3,-0.3826834323650897,0.9238795325112867
2087,3,6.123233995736766e-17,1.0
2088,3,6.123233995736766e-17,1.0
2089,3,0.38268343236508984,0.9238795325112867
2090,3,6.123233995736766e-17,1.0
2091,3,6.123233995736766e-17,1.0
2092,3,6.123233995736766e-17,1.0
2093,2,0.38268343236508984,0.9238795325112867
2094,2,0.7071067811865476,0.7071067811865475
2095,1,0.7071067811865476,0.7071067811865475
2096,2,0.7071067811865476,0.7071067811865475
2097,2,0.7071067811865476,0.7071067811865475
2098,2,0.7071067811865476,0.7071067811865475
2099,2,0.7071067811865476,0.7071067811865475
2100,2,0.38268343236508984,0.9238795325112867
2101,1,6.123233995736766e-17,1.0
2102,1,6.123233995736766e-17,1.0
2103,0,6.123233995736766e-17,1.0
2104,0,6.123233995736766e-17,1.0
2105,1,0.38268343236508984,0.9238795325112867
2106,0,0.27294370530589307,0.6589443951138523
2107,2,0.7071067811865476,0.7071067811865475
2108,2,0.7071067811865476,0.7071067811865475
2109,2,0.7071067811865476,0.7071067811865475
2110,2,0.7071067811865476,0.7071067811865475
2111,2,-0.3826834323650897,0.9238795325112867
2112,2,0.38268343236508984,0.9238795325112867
2113,1,0.38268343236508984,0.9238795325112867
2114,1,0.38268343236508984,0.9238795325112867
2115,1,0.38268343236508984,0.9238795325112867
2116,1,6.123233995736766e-17,1.0
2117,2,0.38268343236508984,0.9238795325112867
2118,2,6.123233995736766e-17,1.0
2119,2,6.123233995736766e-17,1.0
2120,2,6.123233995736766e-17,1.0
2121,2,6.123233995736766e-17,1.0
2122,2,0.38268343236508984,0.9238795325112867
2123,3,6.123233995736766e-17,1.0
2124,4,6.123233995736766e-17,1.0
2125,4,6.123233995736766e-17,1.0
2126,4,6.123233995736766e-17,1.0
2127,3,6.123233995736766e-17,1.0
2128,3,6.123233995736766e-17,1.0
2129,2,6.123233995736766e-17,1.0
2130,2,6.123233995736766e-17,1.0
2131,2,6.123233995736766e-17,1.0
2132,2,6.123233995736766e-17,1.0
2133,2,6.123233995736766e-17,1.0
2134,3,-0.3826834323650897,0.9238795325112867
2135,3,-0.3826834323650897,0.9238795325112867
2136,3,-0.3826834323650897,0.9238795325112867
2137,3,-0.7071067811865475,0.7071067811865476
2138,3,-0.7071067811865475,0.7071067811865476
2139,3,-0.7071067811865475,0.7071067811865476
2140,3,-0.7071067811865475,0.7071067811865476
2141,3,-0.272943705305893,0.6589443951138523
2142,0,-0.3826834323650897,0.9238795325112867
2143,0,-0.7071067811865475,0.7071067811865476
2144,0,-0.7071067811865475,0.7071067811865476
2145,0,-0.7071067811865475,0.7071067811865476
2146,0,-0.7071067811865475,0.7071067811865476
2147,0,-0.7071067811865475,0.7071067811865476
2148,1,-0.7071067811865475,0.7071067811865476
2149,1,-0.7071067811865475,0.7071067811865476
2150,2,-0.3826834323650897,0.9238795325112867
2151,2,-0.3826834323650897,0.9238795325112867
2152,2,-0.3826834323650897,0.9238795325112867
2153,2,6.123233995736766e-17,1.0
2154,3,6.123233995736766e-17,1.0
2155,2,0.38268343236508984,0.9238795325112867
2156,2,0.38268343236508984,0.9238795325112867
2157,2,6.123233995736766e-17,1.0
2158,2,6.123233995736766e-17,1.0
2159,2,0.38268343236508984,0.9238795325112867
2160,2,0.38268343236508984,0.9238795325112867
2161,2,0.38268343236508984,0.9238795325112867
2162,2,0.38268343236508984,0.9238795325112867
2163,2,0.7071067811865476,0.7071067811865475
2164,2,0.7071067811865476,0.7071067811865475
2165,2,0.7071067811865476,0.7071067811865475
2166,2,0.7071067811865476,0.7071067811865475
2167,2,0.7071067811865476,0.7071067811865475
2168,2,0.38268343236508984,0.9238795325112867
2169,2,0.38268343236508984,0.9238795325112867
2170,2,0.38268343236508984,0.9238795325112867
2171,2,6.123233995736766e-17,1.0
2172,1,6.123233995736766e-17,1.0
2173,1,6.123233995736766e-17,1.0
2174,2,-0.3826834323650897,0.9238795325112867
2175,1,6.123233995736766e-17,1.0
2176,1,6.123233995736766e-17,1.0
2177,0,0.38268343236508984,0.9238795325112867
2178,1,0.7071067811865476,0.7071067811865475
2179,1,-0.7071067811865475,0.7071067811865476
2180,1,-0.7132362736976232,8.734625196195798e-17
2181,1,-0.6589443951138523,0.2729437053058931
2182,1,-0.7071067811865475,0.7071067811865476
2183,1,-0.7071067811865475,0.7071067811865476
2184,1,-0.7071067811865475,0.7071067811865476
2185,1,-0.3826834323650897,0.9238795325112867
2186,1,-0.3826834323650897,0.9238795325112867
2187,2,-0.3826834323650897,0.9238795325112867
2188,2,-0.3826834323650897,0.9238795325112867
2189,2,-0.3826834323650897,0.9238795325112867
2190,3,-0.3826834323650897,0.9238795325112867
2191,3,6.123233995736766e-17,1.0
2192,3,6.123233995736766e-17,1.0
2193,3,6.123233995736766e-17,1.0
2194,3,6.123233995736766e-17,1.0
2195,3,6.123233995736766e-17,1.0
2196,3,6.123233995736766e-17,1.0
2197,3,6.123233995736766e-17,1.0
2198,3,6.123233995736766e-17,1.0
2199,3,0.38268343236508984,0.9238795325112867
2200,3,0.38268343236508984,0.9238795325112867
2201,3,0.7071067811865476,0.7071067811865475
2202,3,0.7071067811865476,0.7071067811865475
2203,2,0.7071067811865476,0.7071067811865475
2204,2,0.7071067811865476,0.7071067811865475
2205,2,0.38268343236508984,0.9238795325112867
2206,2,0.7071067811865476,0.7071067811865475
2207,2,0.38268343236508984,0.9238795325112867
2208,2,0.38268343236508984,0.9238795325112867
2209,2,0.38268343236508984,0.9238795325112867
2210,2,6.123233995736766e-17,1.0
2211,2,6.123233995736766e-17,1.0
2212,2,6.123233995736766e-17,1.0
2213,1,6.123233995736766e-17,1.0
2214,1,0.38268343236508984,0.9238795325112867
2215,0,0.7071067811865476,0.7071067811865475
2216,0,0.7071067811865476,0.7071067811865475
2217,0,0.7071067811865476,0.7071067811865475
2218,0,0.9238795325112867,0.3826834323650898
2219,0,0.7071067811865476,0.7071067811865475
2220,0,0.9238795325112867,0.3826834323650898
2221,1,0.7071067811865476,0.7071067811865475
2222,0,0.7071067811865476,0.7071067811865475
2223,1,0.38268343236508984,0.9238795325112867
2224,1,0.38268343236508984,0.9238795325112867
2225,1,0.38268343236508984,0.9238795325112867
2226,1,0.38268343236508984,0.9238795325112867
2227,1,6.123233995736766e-17,1.0
2228,0,6.123233995736766e-17,1.0
2229,0,-0.3826834323650897,0.9238795325112867
2230,0,-0.3826834323650897,0.9238795325112867
2231,0,-0.3826834323650897,0.9238795325112867
2232,0,-0.3826834323650897,0.9238795325112867
2233,0,-0.3826834323650897,0.9238795325112867
2234,0,-0.3826834323650897,0.9238795325112867
2235,0,6.123233995736766e-17,1.0
2236,1,6.123233995736766e-17,1.0
2237,1,-0.3826834323650897,0.9238795325112867
2238,3,-0.3826834323650897,0.9238795325112867
2239,3,-0.3826834323650897,0.9238795325112867
2240,3,6.123233995736766e-17,1.0
2241,2,6.123233995736766e-17,1.0
2242,2,6.123233995736766e-17,1.0
2243,2,6.123233995736766e-17,1.0
2244,2,6.123233995736766e-17,1.0
2245,2,-0.3826834323650897,0.9238795325112867
2246,2,-0.3826834323650897,0.9238795325112867
2247,2,-0.3826834323650897,0.9238795325112867
2248,2,-0.7071067811865475,0.7071067811865476
2249,2,-0.7071067811865475,0.7071067811865476
2250,2,-0.7071067811865475,0.7071067811865476
2251,2,-0.3826834323650897,0.9238795325112867
2252,0,-0.7071067811865475,0.7071067811865476
2253,0,6.123233995736766e-17,1.0
2254,0,-0.7071067811865475,0.7071067811865476
2255,0,-0.7071067811865475,0.7071067811865476
2256,0,-0.7071067811865475,0.7071067811865476
2257,1,-0.3826834323650897,0.9238795325112867
2258,1,-0.3826834323650897,0.9238795325112867
2259,1,-0.3826834323650897,0.9238795325112867
2260,1,-0.3826834323650897,0.9238795325112867
2261,2,6.123233995736766e-17,1.0
2262,2,6.123233995736766e-17,1.0
2263,3,0.38268343236508984,0.9238795325112867
2264,4,0.38268343236508984,0.9238795325112867
2265,4,0.38268343236508984,0.9238795325112867
2266,4,0.38268343236508984,0.9238795325112867
2267,3,0.38268343236508984,0.9238795325112867
2268,3,-0.47845399210662953,5.859371499726569e-17
2269,2,0.7071067811865476,0.7071067811865475
2270,2,0.9238795325112867,0.3826834323650898
2271,3,2.9296857498632844e-17,0.47845399210662953
2272,3,0.7071067811865476,0.7071067811865475
2273,3,4.367312598097899e-17,0.7132362736976232
2274,3,0.7071067811865476,0.7071067811865475
2275,3,0.26444251705892496,0.10953567703388527
2276,3,0.7071067811865476,0.7071067811865475
2277,3,-0.9238795325112867,0.3826834323650899
2278,2,0.38268343236508984,0.9238795325112867
2279,3,0.38268343236508984,0.9238795325112867
2280,3,6.123233995736766e-17,1.0
2281,3,0.38268343236508984,0.9238795325112867
2282,2,6.123233995736766e-17,1.0
2283,2,6.123233995736766e-17,1.0
2284,2,6.123233995736766e-17,1.0
2285,2,6.123233995736766e-17,1.0
2286,1,-0.3826834323650897,0.9238795325112867
2287,1,-0.3826834323650897,0.9238795325112867
2288,1,-0.3826834323650897,0.9238795325112867
2289,1,6.123233995736766e-17,1.0
2290,1,0.27294370530589307,0.6589443951138523
2291,0,-0.3826834323650897,0.9238795325112867
2292,0,-0.3826834323650897,0.9238795325112867
2293,0,-0.7071067811865475,0.7071067811865476
2294,0,-0.7071067811865475,0.7071067811865476
2295,0,-0.7071067811865475,0.7071067811865476
2296,0,-0.7071067811865475,0.7071067811865476
2297,0,-0.7071067811865475,0.7071067811865476
2298,0,-0.5043342057198137,0.5043342057198138
2299,0,-0.3826834323650897,0.9238795325112867
2300,0,-0.3826834323650897,0.9238795325112867
2301,1,-0.3826834323650897,0.9238795325112867
2302,1,-0.3826834323650897,0.9238795325112867
2303,1,-0.3826834323650897,0.9238795325112867
2304,1,6.123233995736766e-17,1.0
2305,1,6.123233995736766e-17,1.0
2306,2,6.123233995736766e-17,1.0
2307,2,0.38268343236508984,0.9238795325112867
2308,2,0.38268343236508984,0.9238795325112867
2309,2,0.38268343236508984,0.9238795325112867
2310,2,0.38268343236508984,0.9238795325112867
2311,1,0.38268343236508984,0.9238795325112867
2312,0,0.38268343236508984,0.9238795325112867
2313,1,0.7071067811865476,0.7071067811865475
2314,2,0.7071067811865476,0.7071067811865475
2315,2,0.7071067811865476,0.7071067811865475
2316,3,0.7071067811865476,0.7071067811865475
2317,2,0.7071067811865476,0.7071067811865475
2318,1,0.38268343236508984,0.9238795325112867
2319,1,0.38268343236508984,0.9238795325112867
2320,1,0.38268343236508984,0.9238795325112867
2321,1,6.123233995736766e-17,1.0
2322,1,6.123233995736766e-17,1.0
2323,1,6.123233995736766e-17,1.0
2324,1,6.123233995736766e-17,1.0
2325,0,6.123233995736766e-17,1.0
2326,0,6.123233995736766e-17,1.0
2327,0,-0.3826834323650897,0.9238795325112867
2328,0,-0.3826834323650897,0.9238795325112867
2329,0,-0.3826834323650897,0.9238795325112867
2330,0,-0.4420338505556318,-0.18309641592814452
2331,0,-0.3826834323650897,0.9238795325112867
2332,0,-0.3826834323650897,0.9238795325112867
2333,0,-0.3826834323650897,0.9238795325112867
2334,0,-0.3826834323650897,0.9238795325112867
2335,0,-0.3826834323650897,0.9238795325112867
2336,1,-0.3826834323650897,0.9238795325112867
2337,1,-0.3826834323650897,0.9238795325112867
2338,2,-0.3826834323650897,0.9238795325112867
2339,2,-0.3826834323650897,0.9238795325112867
2340,2,-0.3826834323650897,0.9238795325112867
2341,2,-0.3826834323650897,0.9238795325112867
2342,2,6.123233995736766e-17,1.0
2343,2,0.38268343236508984,0.9238795325112867
2344,2,0.38268343236508984,0.9238795325112867
2345,2,0.38268343236508984,0.9238795325112867
2346,2,0.38268343236508984,0.9238795325112867
2347,3,0.38268343236508984,0.9238795325112867
2348,3,0.38268343236508984,0.9238795325112867
2349,3,0.38268343236508984,0.9238795325112867
2350,3,0.7071067811865476,0.7071067811865475
2351,3,0.38268343236508984,0.9238795325112867
2352,1,0.7071067811865476,0.7071067811865475
2353,1,0.38268343236508984,0.9238795325112867
2354,1,0.38268343236508984,0.9238795325112867
2355,1,0.38268343236508984,0.9238795325112867
2356,1,0.38268343236508984,0.9238795325112867
2357,1,6.123233995736766e-17,1.0
2358,1,6.123233995736766e-17,1.0
2359,0,6.123233995736766e-17,1.0
2360,0,6.123233995736766e-17,1.0
2361,0,6.123233995736766e-17,1.0
2362,0,-0.3826834323650897,0.9238795325112867
2363,0,-0.7071067811865475,0.7071067811865476
2364,0,-0.7071067811865475,0.7071067811865476
2365,0,-0.7071067811865475,0.7071067811865476
2366,0,-0.7071067811865475,0.7071067811865476
2367,0,-0.3826834323650897,0.9238795325112867
2368,1,-0.7071067811865475,0.7071067811865476
2369,1,-0.3826834323650897,0.9238795325112867
2370,1,-0.3826834323650897,0.9238795325112867
2371,1,-0.3826834323650897,0.9238795325112867
2372,2,-0.3826834323650897,0.9238795325112867
2373,2,-0.3826834323650897,0.9238795325112867
2374,3,-0.3826834323650897,0.9238795325112867
2375,3,0.38268343236508984,0.9238795325112867
2376,3,0.38268343236508984,0.9238795325112867
2377,3,6.123233995736766e-17,1.0
2378,3,6.123233995736766e-17,1.0
2379,2,6.123233995736766e-17,1.0
2380,2,6.123233995736766e-17,1.0
2381,2,6.123233995736766e-17,1.0
2382,2,0.38268343236508984,0.9238795325112867
2383,2,0.38268343236508984,0.9238795325112867
2384,2,0.38268343236508984,0.9238795325112867
2385,2,0.7071067811865476,0.7071067811865475
2386,2,0.7071067811865476,0.7071067811865475
2387,2,0.7071067811865476,0.7071067811865475
2388,2,0.7071067811865476,0.7071067811865475
2389,2,0.7071067811865476,0.7071067811865475
2390,1,0.38268343236508984,0.9238795325112867
2391,1,0.38268343236508984,0.9238795325112867
2392,1,6.123233995736766e-17,1.0
2393,1,6.123233995736766e-17,1.0
2394,2,6.123233995736766e-17,1.0
2395,2,6.123233995736766e-17,1.0
2396,1,6.123233995736766e-17,1.0
2397,0,-0.3826834323650897,0.9238795325112867
2398,0,-0.3826834323650897,0.9238795325112867
2399,0,-0.3826834323650897,0.9238795325112867
2400,0,-0.3826834323650897,0.9238795325112867
2401,0,-0.7071067811865475,0.7071067811865476
2402,0,-0.7071067811865475,0.7071067811865476
2403,0,-0.7071067811865475,0.7071067811865476
2404,0,-0.7071067811865475,0.7071067811865476
2405,0,-0.3826834323650897,0.9238795325112867
2406,1,-0.3826834323650897,0.9238795325112867
2407,1,-0.3826834323650897,0.9238795325112867
2408,1,-0.3826834323650897,0.9238795325112867
2409,3,6.123233995736766e-17,1.0
2410,3,6.123233995736766e-17,1.0
2411,3,6.123233995736766e-17,1.0
2412,3,6.123233995736766e-17,1.0
2413,3,6.123233995736766e-17,1.0
2414,3,6.123233995736766e-17,1.0
2415,3,0.38268343236508984,0.9238795325112867
2416,3,0.38268343236508984,0.9238795325112867
2417,3,0.38268343236508984,0.9238795325112867
2418,3,0.7071067811865476,0.7071067811865475
2419,3,0.7071067811865476,0.7071067811865475
2420,3,0.7071067811865476,0.7071067811865475
2421,3,0.7071067811865476,0.7071067811865475
2422,3,0.7071067811865476,0.7071067811865475
2423,3,0.7071067811865476,0.7071067811865475
2424,3,0.38268343236508984,0.9238795325112867
2425,3,0.38268343236508984,0.9238795325112867
2426,3,6.123233995736766e-17,1.0
2427,3,6.123233995736766e-17,1.0
2428,1,6.123233995736766e-17,1.0
2429,1,-0.3826834323650897,0.9238795325112867
2430,0,6.123233995736766e-17,1.0
2431,0,6.123233995736766e-17,1.0
2432,0,-0.3826834323650897,0.9238795325112867
2433,0,-0.3826834323650897,0.9238795325112867
2434,0,-0.3826834323650897,0.9238795325112867
2435,0,-0.3826834323650897,0.9238795325112867
2436,0,-0.3826834323650897,0.9238795325112867
2437,0,-0.7071067811865475,0.7071067811865476
2438,0,-0.7071067811865475,0.7071067811865476
2439,0,-0.3826834323650897,0.9238795325112867
2440,0,-0.3826834323650897,0.9238795325112867
2441,0,-0.3826834323650897,0.9238795325112867
2442,0,-0.3826834323650897,0.9238795325112867
2443,2,-0.3826834323650897,0.9238795325112867
2444,2,-0.3826834323650897,0.9238795325112867
2445,2,6.123233995736766e-17,1.0
2446,3,6.123233995736766e-17,1.0
2447,3,6.123233995736766e-17,1.0
2448,3,6.123233995736766e-17,1.0
2449,3,6.123233995736766e-17,1.0
2450,3,0.38268343236508984,0.9238795325112867
2451,3,0.38268343236508984,0.9238795325112867
2452,3,0.38268343236508984,0.9238795325112867
2453,3,0.7071067811865476,0.7071067811865475
2454,3,0.7071067811865476,0.7071067811865475
2455,3,0.7071067811865476,0.7071067811865475
2456,3,0.7071067811865476,0.7071067811865475
2457,3,0.7071067811865476,0.7071067811865475
2458,3,0.38268343236508984,0.9238795325112867
2459,2,0.38268343236508984,0.9238795325112867
2460,1,0.38268343236508984,0.9238795325112867
2461,1,6.123233995736766e-17,1.0
2462,1,6.123233995736766e-17,1.0
2463,1,6.123233995736766e-17,1.0
2464,0,6.123233995736766e-17,1.0
2465,0,-0.3826834323650897,0.9238795325112867
2466,0,0.38268343236508984,0.9238795325112867
2467,0,6.123233995736766e-17,1.0
2468,0,-0.7071067811865475,0.7071067811865476
2469,0,-0.7071067811865475,0.7071067811865476
2470,1,-0.7071067811865475,0.7071067811865476
2471,1,-0.7071067811865475,0.7071067811865476
2472,1,-0.7071067811865475,0.7071067811865476
2473,1,4.367312598097899e-17,0.7132362736976232
2474,1,6.123233995736766e-17,1.0
2475,1,6.123233995736766e-17,1.0
2476,3,6.123233995736766e-17,1.0
2477,3,6.123233995736766e-17,1.0
2478,3,6.123233995736766e-17,1.0
2479,3,0.38268343236508984,0.9238795325112867
2480,2,0.38268343236508984,0.9238795325112867
2481,2,0.38268343236508984,0.9238795325112867
2482,2,6.123233995736766e-17,1.0
2483,3,6.123233995736766e-17,1.0
2484,3,0.38268343236508984,0.9238795325112867
2485,2,0.38268343236508984,0.9238795325112867
2486,2,0.38268343236508984,0.9238795325112867
2487,2,0.38268343236508984,0.9238795325112867
2488,2,0.38268343236508984,0.9238795325112867
2489,2,0.38268343236508984,0.9238795325112867
2490,3,0.38268343236508984,0.9238795325112867
2491,3,0.38268343236508984,0.9238795325112867
2492,3,0.38268343236508984,0.9238795325112867
2493,3,0.38268343236508984,0.9238795325112867
2494,3,0.38268343236508984,0.9238795325112867
2495,4,6.123233995736766e-17,1.0
2496,4,6.123233995736766e-17,1.0
2497,4,-0.3826834323650897,0.9238795325112867
2498,4,-0.3826834323650897,0.9238795325112867
2499,4,-0.3826834323650897,0.9238795325112867
2500,4,-0.3826834323650897,0.9238795325112867
2501,0,-0.3826834323650897,0.9238795325112867
2502,0,-0.7071067811865475,0.7071067811865476
2503,0,-0.7071067811865475,0.7071067811865476
2504,0,-0.7071067811865475,0.7071067811865476
2505,0,-0.7071067811865475,0.7071067811865476
2506,0,-0.3826834323650897,0.9238795325112867
2507,0,-0.7071067811865475,0.7071067811865476
2508,0,-0.3826834323650897,0.9238795325112867
2509,0,-0.3826834323650897,0.9238795325112867
2510,0,-0.3826834323650897,0.9238795325112867
2511,2,6.123233995736766e-17,1.0
2512,2,6.123233995736766e-17,1.0
2513,3,6.123233995736766e-17,1.0
2514,3,6.123233995736766e-17,1.0
2515,3,6.123233995736766e-17,1.0
2516,3,6.123233995736766e-17,1.0
2517,3,6.123233995736766e-17,1.0
2518,3,6.123233995736766e-17,1.0
2519,3,0.38268343236508984,0.9238795325112867
2520,3,6.123233995736766e-17,1.0
2521,3,0.38268343236508984,0.9238795325112867
2522,3,0.38268343236508984,0.9238795325112867
2523,3,0.7071067811865476,0.7071067811865475
2524,3,0.7071067811865476,0.7071067811865475
2525,3,0.7071067811865476,0.7071067811865475
2526,3,0.7071067811865476,0.7071067811865475
2527,3,0.38268343236508984,0.9238795325112867
2528,3,0.38268343236508984,0.9238795325112867
2529,2,0.38268343236508984,0.9238795325112867
2530,2,6.123233995736766e-17,1.0
2531,2,6.123233995736766e-17,1.0
2532,1,6.123233995736766e-17,1.0
2533,1,6.123233995736766e-17,1.0
2534,1,6.123233995736766e-17,1.0
2535,1,0.7071067811865476,0.7071067811865475
2536,1,0.7071067811865476,0.7071067811865475
2537,0,0.7071067811865476,0.7071067811865475
2538,1,0.7071067811865476,0.7071067811865475
2539,1,0.7071067811865476,0.7071067811865475
2540,1,0.7071067811865476,0.7071067811865475
2541,1,0.7071067811865476,0.7071067811865475
2542,2,0.38268343236508984,0.9238795325112867
2543,2,0.38268343236508984,0.9238795325112867
2544,2,0.38268343236508984,0.9238795325112867
2545,3,0.7071067811865476,0.7071067811865475
2546,3,0.38268343236508984,0.9238795325112867
2547,3,0.38268343236508984,0.9238795325112867
2548,3,6.123233995736766e-17,1.0
2549,3,6.123233995736766e-17,1.0
2550,2,6.123233995736766e-17,1.0
2551,2,6.123233995736766e-17,1.0
2552,2,6.123233995736766e-17,1.0
2553,2,6.123233995736766e-17,1.0
2554,2,-0.3826834323650897,0.9238795325112867
2555,2,6.123233995736766e-17,1.0
2556,2,6.123233995736766e-17,1.0
2557,2,6.123233995736766e-17,1.0
2558,2,6.123233995736766e-17,1.0
2559,2,-0.3826834323650897,0.9238795325112867
2560,3,-0.3826834323650897,0.9238795325112867
2561,3,6.123233995736766e-17,1.0
2562,3,6.123233995736766e-17,1.0
2563,2,6.123233995736766e-17,1.0
2564,2,-0.3826834323650897,0.9238795325112867
2565,2,-0.3826834323650897,0.9238795325112867
2566,2,-0.3826834323650897,0.9238795325112867
2567,2,-0.7071067811865475,0.7071067811865476
2568,1,-0.7071067811865475,0.7071067811865476
2569,1,-0.9238795325112867,0.3826834323650899
2570,1,-0.7071067811865475,0.7071067811865476
2571,1,-0.7071067811865475,0.7071067811865476
2572,0,-0.3826834323650897,0.9238795325112867
2573,0,-0.3826834323650897,0.9238795325112867
2574,0,-0.3826834323650897,0.9238795325112867
2575,0,-0.3826834323650897,0.9238795325112867
2576,0,-0.3826834323650897,0.9238795325112867
2577,0,-0.7071067811865475,0.7071067811865476
2578,0,-0.7071067811865475,0.7071067811865476
2579,0,-0.3826834323650897,0.9238795325112867
2580,0,-0.3826834323650897,0.9238795325112867
2581,2,-0.3826834323650897,0.9238795325112867
2582,2,-0.3826834323650897,0.9238795325112867
2583,4,6.123233995736766e-17,1.0
2584,4,6.123233995736766e-17,1.0
2585,4,6.123233995736766e-17,1.0
2586,4,6.123233995736766e-17,1.0
2587,4,6.123233995736766e-17,1.0
2588,4,-0.7071067811865475,0.7071067811865476
2589,4,6.123233995736766e-17,1.0
2590,4,6.123233995736766e-17,1.0
2591,4,6.123233995736766e-17,1.0
2592,4,6.123233995736766e-17,1.0
2593,4,0.38268343236508984,0.9238795325112867
2594,4,0.7071067811865476,0.7071067811865475
2595,4,0.7071067811865476,0.7071067811865475
2596,4,0.7071067811865476,0.7071067811865475
2597,4,0.7071067811865476,0.7071067811865475
2598,4,0.7071067811865476,0.7071067811865475
2599,4,0.38268343236508984,0.9238795325112867
2600,4,0.38268343236508984,0.9238795325112867
2601,2,0.38268343236508984,0.9238795325112867
2602,2,6.123233995736766e-17,1.0
2603,1,6.123233995736766e-17,1.0
2604,1,6.123233995736766e-17,1.0
2605,1,6.123233995736766e-17,1.0
2606,0,0.7071067811865476,0.7071067811865475
2607,0,-0.3826834323650897,0.9238795325112867
2608,0,-0.3826834323650897,0.9238795325112867
2609,0,-0.3826834323650897,0.9238795325112867
2610,0,-0.3826834323650897,0.9238795325112867
2611,0,-0.3826834323650897,0.9238795325112867
2612,0,-0.7071067811865475,0.7071067811865476
2613,0,-0.7071067811865475,0.7071067811865476
2614,0,-0.3826834323650897,0.9238795325112867
2615,0,-0.3826834323650897,0.9238795325112867
2616,0,-0.3826834323650897,0.9238795325112867
2617,1,-0.3826834323650897,0.9238795325112867
2618,2,6.123233995736766e-17,1.0
2619,3,6.123233995736766e-17,1.0
2620,3,-0.3826834323650897,0.9238795325112867
2621,3,6.123233995736766e-17,1.0
2622,3,-0.7071067811865475,0.7071067811865476
2623,3,6.123233995736766e-17,1.0
2624,3,6.123233995736766e-17,1.0
2625,3,0.38268343236508984,0.9238795325112867
2626,3,6.123233995736766e-17,1.0
2627,3,6.123233995736766e-17,1.0
2628,2,0.38268343236508984,0.9238795325112867
2629,2,0.7071067811865476,0.7071067811865475
2630,1,0.7071067811865476,0.7071067811865475
2631,1,0.7071067811865476,0.7071067811865475
2632,1,0.7071067811865476,0.7071067811865475
2633,1,0.7071067811865476,0.7071067811865475
2634,1,0.7071067811865476,0.7071067811865475
2635,1,0.38268343236508984,0.9238795325112867
2636,2,0.38268343236508984,0.9238795325112867
2637,1,0.38268343236508984,0.9238795325112867
2638,1,6.123233995736766e-17,1.0
2639,1,6.123233995736766e-17,1.0
2640,0,6.123233995736766e-17,1.0
2641,0,6.123233995736766e-17,1.0
2642,0,-0.3826834323650897,0.9238795325112867
2643,0,-0.3826834323650897,0.9238795325112867
2644,0,-0.3826834323650897,0.9238795325112867
2645,0,-0.3826834323650897,0.9238795325112867
2646,0,-0.3826834323650897,0.9238795325112867
2647,0,-0.7071067811865475,0.7071067811865476
2648,0,-0.3826834323650897,0.9238795325112867
2649,0,-0.3826834323650897,0.9238795325112867
2650,0,-0.3826834323650897,0.9238795325112867
2651,0,-0.3826834323650897,0.9238795325112867
2652,1,-0.3826834323650897,0.9238795325112867
2653,3,6.123233995736766e-17,1.0
2654,3,6.123233995736766e-17,1.0
2655,3,6.123233995736766e-17,1.0
2656,3,6.123233995736766e-17,1.0
2657,3,-0.7071067811865475,0.7071067811865476
2658,3,6.123233995736766e-17,1.0
2659,3,6.123233995736766e-17,1.0
2660,3,6.123233995736766e-17,1.0
2661,4,6.123233995736766e-17,1.0
2662,4,6.123233995736766e-17,1.0
2663,4,0.7071067811865476,0.7071067811865475
2664,4,0.38268343236508984,0.9238795325112867
2665,4,0.7071067811865476,0.7071067811865475
2666,4,0.7071067811865476,0.7071067811865475
2667,4,0.7071067811865476,0.7071067811865475
2668,4,0.7071067811865476,0.7071067811865475
2669,3,0.7071067811865476,0.7071067811865475
2670,3,0.38268343236508984,0.9238795325112867
2671,3,6.123233995736766e-17,1.0
2672,2,6.123233995736766e-17,1.0
2673,0,6.123233995736766e-17,1.0
2674,0,6.123233995736766e-17,1.0
2675,0,6.123233995736766e-17,1.0
2676,0,0.38268343236508984,0.9238795325112867
2677,0,0.7071067811865476,0.7071067811865475
2678,0,-0.7071067811865475,0.7071067811865476
2679,1,-0.7071067811865475,0.7071067811865476
2680,1,-0.7071067811865475,0.7071067811865476
2681,2,-0.7071067811865475,0.7071067811865476
2682,2,4.367312598097899e-17,0.7132362736976232
2683,2,2.9296857498632844e-17,0.47845399210662953
2684,2,0.1830964159281446,0.44203385055563177
2685,2,-0.7071067811865475,0.7071067811865476
2686,2,-0.7132362736976232,8.734625196195798e-17
2687,2,-0.7071067811865475,0.7071067811865476
2688,3,-0.3826834323650897,0.9238795325112867
2689,4,-0.3826834323650897,0.9238795325112867
2690,4,6.123233995736766e-17,1.0
2691,4,0.38268343236508984,0.9238795325112867
2692,4,0.38268343236508984,0.9238795325112867
2693,4,0.38268343236508984,0.9238795325112867
2694,4,0.38268343236508984,0.9238795325112867
2695,4,6.123233995736766e-17,1.0
2696,3,6.123233995736766e-17,1.0
2697,3,0.38268343236508984,0.9238795325112867
2698,3,0.38268343236508984,0.9238795325112867
2699,3,0.38268343236508984,0.9238795325112867
2700,2,6.123233995736766e-17,1.0
2701,2,0.38268343236508984,0.9238795325112867
2702,2,0.38268343236508984,0.9238795325112867
2703,3,-0.9238795325112867,0.3826834323650899
2704,3,0.38268343236508984,0.9238795325112867
2705,3,0.38268343236508984,0.9238795325112867
2706,3,0.38268343236508984,0.9238795325112867
2707,3,0.38268343236508984,0.9238795325112867
2708,3,0.38268343236508984,0.9238795325112867
2709,3,0.38268343236508984,0.9238795325112867
2710,3,6.123233995736766e-17,1.0
2711,2,6.123233995736766e-17,1.0
2712,2,6.123233995736766e-17,1.0
2713,1,6.123233995736766e-17,1.0
2714,1,0.27294370530589307,0.6589443951138523
2715,0,0.7071067811865476,0.7071067811865475
2716,0,-0.3826834323650897,0.9238795325112867
2717,1,-0.7071067811865475,0.7071067811865476
2718,1,-0.7071067811865475,0.7071067811865476
2719,1,-0.3826834323650897,0.9238795325112867
2720,2,-0.3826834323650897,0.9238795325112867
2721,2,-0.7071067811865475,0.7071067811865476
2722,2,-0.7071067811865475,0.7071067811865476
2723,2,-0.3826834323650897,0.9238795325112867
2724,2,-0.3826834323650897,0.9238795325112867
2725,2,-0.3826834323650897,0.9238795325112867
2726,3,-0.3826834323650897,0.9238795325112867
2727,3,6.123233995736766e-17,1.0
2728,3,-0.3826834323650897,0.9238795325112867
2729,3,6.123233995736766e-17,1.0
2730,3,6.123233995736766e-17,1.0
2731,3,6.123233995736766e-17,1.0
2732,3,0.38268343236508984,0.9238795325112867
2733,3,0.38268343236508984,0.9238795325112867
2734,3,0.38268343236508984,0.9238795325112867
2735,3,0.38268343236508984,0.9238795325112867
2736,3,0.38268343236508984,0.9238795325112867
2737,3,0.7071067811865476,0.7071067811865475
2738,3,0.7071067811865476,0.7071067811865475
2739,3,0.38268343236508984,0.9238795325112867
2740,3,0.7071067811865476,0.7071067811865475
2741,3,0.38268343236508984,0.9238795325112867
2742,3,0.38268343236508984,0.9238795325112867
2743,2,0.38268343236508984,0.9238795325112867
2744,1,6.123233995736766e-17,1.0
2745,2,6.123233995736766e-17,1.0
2746,2,6.123233995736766e-17,1.0
2747,2,-0.3826834323650897,0.9238795325112867
2748,1,6.123233995736766e-17,1.0
2749,1,6.123233995736766e-17,1.0
2750,0,0.7071067811865476,0.7071067811865475
2751,0,-0.7071067811865475,0.7071067811865476
2752,0,-0.7071067811865475,0.7071067811865476
2753,0,-0.7071067811865475,0.7071067811865476
2754,1,-0.7071067811865475,0.7071067811865476
2755,1,-0.7071067811865475,0.7071067811865476
2756,1,-0.7071067811865475,0.7071067811865476
2757,1,-0.7071067811865475,0.7071067811865476
2758,1,-0.7071067811865475,0.7071067811865476
2759,1,-0.3826834323650897,0.9238795325112867
2760,1,-0.3826834323650897,0.9238795325112867
2761,1,-0.3826834323650897,0.9238795325112867
2762,2,6.123233995736766e-17,1.0
2763,2,6.123233995736766e-17,1.0
2764,2,0.38268343236508984,0.9238795325112867
2765,2,0.38268343236508984,0.9238795325112867
2766,2,0.38268343236508984,0.9238795325112867
2767,3,0.38268343236508984,0.9238795325112867
2768,3,6.123233995736766e-17,1.0
2769,3,6.123233995736766e-17,1.0
2770,3,0.38268343236508984,0.9238795325112867
2771,3,0.38268343236508984,0.9238795325112867
2772,3,0.38268343236508984,0.9238795325112867
2773,3,0.7071067811865476,0.7071067811865475
2774,2,0.7071067811865476,0.7071067811865475
2775,2,0.7071067811865476,0.7071067811865475
2776,2,0.7071067811865476,0.7071067811865475
2777,2,0.38268343236508984,0.9238795325112867
2778,2,0.38268343236508984,0.9238795325112867
2779,2,0.38268343236508984,0.9238795325112867
2780,2,6.123233995736766e-17,1.0
2781,1,6.123233995736766e-17,1.0
2782,0,6.123233995736766e-17,1.0
2783,0,-0.3826834323650897,0.9238795325112867
2784,0,6.123233995736766e-17,1.0
2785,1,6.123233995736766e-17,1.0
2786,0,-0.3826834323650897,0.9238795325112867
2787,0,-0.3826834323650897,0.9238795325112867
2788,0,-0.3826834323650897,0.9238795325112867
2789,0,-0.7071067811865475,0.7071067811865476
2790,0,-0.7071067811865475,0.7071067811865476
2791,0,-0.7071067811865475,0.7071067811865476
2792,0,-0.7071067811865475,0.7071067811865476
2793,0,-0.3826834323650897,0.9238795325112867
2794,2,-0.3826834323650897,0.9238795325112867
2795,3,-0.3826834323650897,0.9238795325112867
2796,3,-0.3826834323650897,0.9238795325112867
2797,3,6.123233995736766e-17,1.0
2798,4,-0.3826834323650897,0.9238795325112867
2799,4,6.123233995736766e-17,1.0
2800,4,6.123233995736766e-17,1.0
2801,4,6.123233995736766e-17,1.0
2802,4,0.38268343236508984,0.9238795325112867
2803,3,6.123233995736766e-17,1.0
2804,3,0.38268343236508984,0.9238795325112867
2805,3,0.38268343236508984,0.9238795325112867
2806,3,0.38268343236508984,0.9238795325112867
2807,3,0.7071067811865476,0.7071067811865475
2808,3,0.7071067811865476,0.7071067811865475
2809,3,0.7071067811865476,0.7071067811865475
2810,3,0.38268343236508984,0.9238795325112867
2811,3,0.7071067811865476,0.7071067811865475
2812,3,0.38268343236508984,0.9238795325112867
2813,3,0.38268343236508984,0.9238795325112867
2814,3,0.38268343236508984,0.9238795325112867
2815,2,6.123233995736766e-17,1.0
2816,1,6.123233995736766e-17,1.0
2817,2,6.123233995736766e-17,1.0
2818,1,6.123233995736766e-17,1.0
2819,1,6.123233995736766e-17,1.0
2820,0,0.38268343236508984,0.9238795325112867
2821,1,0.7071067811865476,0.7071067811865475
2822,1,-0.7071067811865475,0.7071067811865476
2823,2,-0.7071067811865475,0.7071067811865476
2824,2,-0.5043342057198139,-0.5043342057198137
2825,2,-0.3826834323650897,0.9238795325112867
2826,2,-0.47845399210662953,5.859371499726569e-17
2827,2,-0.3826834323650897,0.9238795325112867
2828,2,-0.3826834323650897,0.9238795325112867
2829,3,-0.3826834323650897,0.9238795325112867
2830,3,-0.3826834323650897,0.9238795325112867
2831,3,-0.3826834323650897,0.9238795325112867
2832,2,-0.3826834323650897,0.9238795325112867
2833,2,0.38268343236508984,0.9238795325112867
2834,2,0.38268343236508984,0.9238795325112867
2835,2,0.38268343236508984,0.9238795325112867
2836,2,0.38268343236508984,0.9238795325112867
2837,2,0.27294370530589307,0.6589443951138523
2838,2,4.367312598097899e-17,0.7132362736976232
2839,2,4.367312598097899e-17,0.7132362736976232
2840,2,0.38268343236508984,0.9238795325112867
2841,2,0.27294370530589307,0.6589443951138523
2842,2,0.38268343236508984,0.9238795325112867
2843,2,6.123233995736766e-17,1.0
2844,2,0.38268343236508984,0.9238795325112867
2845,2,0.38268343236508984,0.9238795325112867
2846,1,0.38268343236508984,0.9238795325112867
2847,1,0.38268343236508984,0.9238795325112867
2848,1,0.38268343236508984,0.9238795325112867
2849,1,0.38268343236508984,0.9238795325112867
2850,1,0.38268343236508984,0.9238795325112867
2851,1,0.38268343236508984,0.9238795325112867
2852,1,6.123233995736766e-17,1.0
2853,1,6.123233995736766e-17,1.0
2854,1,-0.3826834323650897,0.9238795325112867
2855,1,-0.3826834323650897,0.9238795325112867
2856,1,-0.3826834323650897,0.9238795325112867
2857,2,6.123233995736766e-17,1.0
2858,2,6.123233995736766e-17,1.0
2859,1,-0.7071067811865475,0.7071067811865476
2860,1,-0.7071067811865475,0.7071067811865476
2861,2,-0.7071067811865475,0.7071067811865476
2862,2,-0.7071067811865475,0.7071067811865476
2863,2,-0.7071067811865475,0.7071067811865476
2864,2,-0.7071067811865475,0.7071067811865476
2865,2,-0.7071067811865475,0.7071067811865476
2866,2,-0.7071067811865475,0.7071067811865476
2867,2,-0.3826834323650897,0.9238795325112867
2868,2,6.123233995736766e-17,1.0
2869,2,0.7071067811865476,0.7071067811865475
2870,3,0.7071067811865476,0.7071067811865475
2871,3,0.7071067811865476,0.7071067811865475
2872,3,0.38268343236508984,0.9238795325112867
2873,3,6.123233995736766e-17,1.0
2874,3,0.38268343236508984,0.9238795325112867
2875,2,6.123233995736766e-17,1.0
2876,2,0.38268343236508984,0.9238795325112867
2877,3,0.7071067811865476,0.7071067811865475
2878,4,0.38268343236508984,0.9238795325112867
2879,4,0.38268343236508984,0.9238795325112867
2880,4,0.38268343236508984,0.9238795325112867
2881,4,0.38268343236508984,0.9238795325112867
2882,3,0.38268343236508984,0.9238795325112867
2883,3,0.38268343236508984,0.9238795325112867
2884,3,0.38268343236508984,0.9238795325112867
2885,2,0.38268343236508984,0.9238795325112867
2886,2,0.38268343236508984,0.9238795325112867
2887,2,0.38268343236508984,0.9238795325112867
2888,2,6.123233995736766e-17,1.0
2889,1,6.123233995736766e-17,1.0
2890,1,6.123233995736766e-17,1.0
2891,1,-0.3826834323650897,0.9238795325112867
2892,1,-0.3826834323650897,0.9238795325112867
2893,1,-0.3826834323650897,0.9238795325112867
2894,1,-0.3826834323650897,0.9238795325112867
2895,0,-0.3826834323650897,0.9238795325112867
2896,0,-0.7071067811865475,0.7071067811865476
2897,0,-0.7071067811865475,0.7071067811865476
2898,0,-0.7071067811865475,0.7071067811865476
2899,0,-0.7071067811865475,0.7071067811865476
2900,1,-0.7071067811865475,0.7071067811865476
2901,1,-0.3826834323650897,0.9238795325112867
2902,1,-0.7071067811865475,0.7071067811865476
2903,1,-0.7071067811865475,0.7071067811865476
2904,1,-0.7071067811865475,0.7071067811865476
2905,2,-0.3826834323650897,0.9238795325112867
2906,2,-0.3826834323650897,0.9238795325112867
2907,2,6.123233995736766e-17,1.0
2908,3,6.123233995736766e-17,1.0
2909,3,6.123233995736766e-17,1.0
2910,3,0.38268343236508984,0.9238795325112867
2911,3,0.38268343236508984,0.9238795325112867
2912,3,0.38268343236508984,0.9238795325112867
2913,3,0.38268343236508984,0.9238795325112867
2914,3,0.38268343236508984,0.9238795325112867
2915,3,0.7071067811865476,0.7071067811865475
2916,3,0.7071067811865476,0.7071067811865475
2917,3,0.7071067811865476,0.7071067811865475
2918,3,0.7071067811865476,0.7071067811865475
2919,3,0.7071067811865476,0.7071067811865475
2920,2,0.38268343236508984,0.9238795325112867
2921,2,0.7071067811865476,0.7071067811865475
2922,2,0.38268343236508984,0.9238795325112867
2923,2,0.38268343236508984,0.9238795325112867
2924,1,0.38268343236508984,0.9238795325112867
2925,1,0.38268343236508984,0.9238795325112867
2926,1,6.123233995736766e-17,1.0
2927,1,6.123233995736766e-17,1.0
2928,1,-0.3826834323650897,0.9238795325112867
2929,1,-0.3826834323650897,0.9238795325112867
2930,0,6.123233995736766e-17,1.0
2931,0,6.123233995736766e-17,1.0
2932,1,0.7071067811865476,0.7071067811865475
2933,1,0.7071067811865476,0.7071067811865475
2934,1,0.33831806230437267,0.3383180623043726
2935,1,0.33831806230437267,0.3383180623043726
2936,0,0.7071067811865476,0.7071067811865475
2937,0,0.38268343236508984,0.9238795325112867
2938,0,0.38268343236508984,0.9238795325112867
2939,1,0.38268343236508984,0.9238795325112867
2940,1,0.38268343236508984,0.9238795325112867
2941,1,-0.3826834323650897,0.9238795325112867
2942,1,-0.3826834323650897,0.9238795325112867
2943,1,0.38268343236508984,0.9238795325112867
2944,1,-0.3826834323650897,0.9238795325112867
2945,1,6.123233995736766e-17,1.0
2946,1,6.123233995736766e-17,1.0
2947,1,6.123233995736766e-17,1.0
2948,1,-0.272943705305893,0.6589443951138523
2949,1,-0.18309641592814455,0.44203385055563177
2950,1,-0.18309641592814455,0.44203385055563177
2951,0,0.38268343236508984,0.9238795325112867
2952,1,0.38268343236508984,0.9238795325112867
2953,2,6.123233995736766e-17,1.0
2954,1,-0.3826834323650897,0.9238795325112867
2955,1,6.123233995736766e-17,1.0
2956,2,6.123233995736766e-17,1.0
2957,3,6.123233995736766e-17,1.0
2958,3,6.123233995736766e-17,1.0
2959,3,6.123233995736766e-17,1.0
2960,3,6.123233995736766e-17,1.0
2961,3,6.123233995736766e-17,1.0
2962,3,6.123233995736766e-17,1.0
2963,3,-0.3826834323650897,0.9238795325112867
2964,3,-0.3826834323650897,0.9238795325112867
2965,3,-0.7071067811865475,0.7071067811865476
2966,3,-0.7071067811865475,0.7071067811865476
2967,3,-0.3826834323650897,0.9238795325112867
2968,3,-0.18309641592814455,0.44203385055563177
2969,0,-0.7071067811865475,0.7071067811865476
2970,0,-0.7071067811865475,0.7071067811865476
2971,0,-0.7071067811865475,0.7071067811865476
2972,0,-0.7071067811865475,0.7071067811865476
2973,0,-0.7071067811865475,0.7071067811865476
2974,0,-0.7071067811865475,0.7071067811865476
2975,0,-0.3826834323650897,0.9238795325112867
2976,0,-0.3826834323650897,0.9238795325112867
2977,1,-0.3826834323650897,0.9238795325112867
2978,1,-0.3826834323650897,0.9238795325112867
2979,2,-0.3826834323650897,0.9238795325112867
2980,2,6.123233995736766e-17,1.0
2981,3,6.123233995736766e-17,1.0
2982,3,6.123233995736766e-17,1.0
2983,3,6.123233995736766e-17,1.0
2984,3,0.38268343236508984,0.9238795325112867
2985,2,6.123233995736766e-17,1.0
2986,3,0.38268343236508984,0.9238795325112867
2987,3,6.123233995736766e-17,1.0
2988,3,6.123233995736766e-17,1.0
2989,3,0.38268343236508984,0.9238795325112867
2990,3,0.38268343236508984,0.9238795325112867
2991,2,0.38268343236508984,0.9238795325112867
2992,3,0.7071067811865476,0.7071067811865475
2993,3,0.38268343236508984,0.9238795325112867
2994,3,0.7071067811865476,0.7071067811865475
2995,3,0.7071067811865476,0.7071067811865475
2996,4,0.38268343236508984,0.9238795325112867
2997,3,0.38268343236508984,0.9238795325112867
2998,3,0.38268343236508984,0.9238795325112867
2999,2,6.123233995736766e-17,1.0
3000,1,6.123233995736766e-17,1.0
3001,0,6.123233995736766e-17,1.0
3002,0,6.123233995736766e-17,1.0
3003,0,0.38268343236508984,0.9238795325112867
3004,0,-0.3826834323650897,0.9238795325112867
3005,1,-0.3826834323650897,0.9238795325112867
3006,1,-0.3826834323650897,0.9238795325112867
3007,1,-0.3826834323650897,0.9238795325112867
3008,1,-0.3826834323650897,0.9238795325112867
3009,1,-0.3826834323650897,0.9238795325112867
3010,1,-0.3826834323650897,0.9238795325112867
3011,1,-0.3826834323650897,0.9238795325112867
3012,0,-0.3826834323650897,0.9238795325112867
3013,0,-0.3826834323650897,0.9238795325112867
3014,1,-0.3826834323650897,0.9238795325112867
3015,2,6.123233995736766e-17,1.0
3016,2,6.123233995736766e-17,1.0
3017,2,6.123233995736766e-17,1.0
3018,2,6.123233995736766e-17,1.0
3019,2,6.123233995736766e-17,1.0
3020,3,6.123233995736766e-17,1.0
3021,3,6.123233995736766e-17,1.0
3022,3,0.38268343236508984,0.9238795325112867
3023,3,0.38268343236508984,0.9238795325112867
3024,2,0.38268343236508984,0.9238795325112867
3025,2,0.7071067811865476,0.7071067811865475
3026,2,0.38268343236508984,0.9238795325112867
3027,2,0.38268343236508984,0.9238795325112867
3028,2,0.7071067811865476,0.7071067811865475
3029,2,0.38268343236508984,0.9238795325112867
3030,2,0.38268343236508984,0.9238795325112867
3031,2,0.38268343236508984,0.9238795325112867
3032,1,6.123233995736766e-17,1.0
3033,0,6.123233995736766e-17,1.0
3034,0,6.123233995736766e-17,1.0
3035,1,6.123233995736766e-17,1.0
3036,1,6.123233995736766e-17,1.0
3037,0,-0.3826834323650897,0.9238795325112867
3038,0,-0.3826834323650897,0.9238795325112867
3039,0,-0.3826834323650897,0.9238795325112867
3040,0,-0.3826834323650897,0.9238795325112867
3041,0,-0.3826834323650897,0.9238795325112867
3042,0,-0.3826834323650897,0.9238795325112867
3043,0,-0.3826834323650897,0.9238795325112867
3044,0,-0.7071067811865475,0.7071067811865476
3045,0,-0.3826834323650897,0.9238795325112867
3046,0,-0.3826834323650897,0.9238795325112867
3047,1,-0.3826834323650897,0.9238795325112867
3048,1,-0.3826834323650897,0.9238795325112867
3049,1,-0.3826834323650897,0.9238795325112867
3050,2,6.123233995736766e-17,1.0
3051,2,6.123233995736766e-17,1.0
3052,2,6.123233995736766e-17,1.0
3053,3,6.123233995736766e-17,1.0
3054,3,-0.3826834323650897,0.9238795325112867
3055,3,6.123233995736766e-17,1.0
3056,3,6.123233995736766e-17,1.0
3057,3,6.123233995736766e-17,1.0
3058,3,6.123233995736766e-17,1.0
3059,3,0.7071067811865476,0.7071067811865475
3060,3,0.7071067811865476,0.7071067811865475
3061,3,0.7071067811865476,0.7071067811865475
3062,3,0.7071067811865476,0.7071067811865475
3063,2,0.7071067811865476,0.7071067811865475
3064,2,0.7071067811865476,0.7071067811865475
3065,2,0.38268343236508984,0.9238795325112867
3066,2,0.38268343236508984,0.9238795325112867
3067,2,6.123233995736766e-17,1.0
3068,1,6.123233995736766e-17,1.0
3069,0,6.123233995736766e-17,1.0
3070,0,0.38268343236508984,0.9238795325112867
3071,0,0.38268343236508984,0.9238795325112867
3072,1,0.7071067811865476,0.7071067811865475
3073,1,-0.5043342057198137,0.5043342057198138
3074,2,-0.5043342057198137,0.5043342057198138
3075,2,-0.4420338505556318,-0.18309641592814452
3076,2,-0.3826834323650897,0.9238795325112867
3077,2,-0.3826834323650897,0.9238795325112867
3078,2,-0.3826834323650897,0.9238795325112867
3079,2,-0.3826834323650897,0.9238795325112867
3080,2,-0.3826834323650897,0.9238795325112867
3081,2,-0.3826834323650897,0.9238795325112867
3082,2,-0.3826834323650897,0.9238795325112867
3083,1,6.123233995736766e-17,1.0
3084,1,6.123233995736766e-17,1.0
3085,1,6.123233995736766e-17,1.0
3086,1,0.38268343236508984,0.9238795325112867
3087,1,4.367312598097899e-17,0.7132362736976232
3088,1,6.123233995736766e-17,1.0
3089,1,0.38268343236508984,0.9238795325112867
3090,1,6.123233995736766e-17,1.0
3091,1,6.123233995736766e-17,1.0
3092,1,6.123233995736766e-17,1.0
3093,1,0.38268343236508984,0.9238795325112867
3094,1,0.38268343236508984,0.9238795325112867
3095,1,0.38268343236508984,0.9238795325112867
3096,1,0.38268343236508984,0.9238795325112867
3097,1,0.38268343236508984,0.9238795325112867
3098,1,0.38268343236508984,0.9238795325112867
3099,2,0.38268343236508984,0.9238795325112867
3100,2,0.38268343236508984,0.9238795325112867
3101,1,0.38268343236508984,0.9238795325112867
3102,1,6.123233995736766e-17,1.0
3103,1,6.123233995736766e-17,1.0
3104,1,-0.3826834323650897,0.9238795325112867
3105,1,6.123233995736766e-17,1.0
3106,0,6.123233995736766e-17,1.0
3107,1,4.367312598097899e-17,0.7132362736976232
3108,0,-0.3826834323650897,0.9238795325112867
3109,0,-0.3826834323650897,0.9238795325112867
3110,0,-0.7071067811865475,0.7071067811865476
3111,0,-0.7071067811865475,0.7071067811865476
3112,0,-0.7071067811865475,0.7071067811865476
3113,0,-0.7071067811865475,0.7071067811865476
3114,0,-0.7071067811865475,0.7071067811865476
3115,0,-0.7071067811865475,0.7071067811865476
3116,0,-0.3826834323650897,0.9238795325112867
3117,0,-0.3826834323650897,0.9238795325112867
3118,2,6.123233995736766e-17,1.0
3119,2,-0.3826834323650897,0.9238795325112867
3120,2,-0.3826834323650897,0.9238795325112867
3121,3,6.123233995736766e-17,1.0
3122,3,6.123233995736766e-17,1.0
3123,3,6.123233995736766e-17,1.0
3124,3,6.123233995736766e-17,1.0
3125,3,6.123233995736766e-17,1.0
3126,3,6.123233995736766e-17,1.0
3127,3,6.123233995736766e-17,1.0
3128,3,0.38268343236508984,0.9238795325112867
3129,2,0.38268343236508984,0.9238795325112867
3130,2,0.7071067811865476,0.7071067811865475
3131,2,0.7071067811865476,0.7071067811865475
3132,2,0.7071067811865476,0.7071067811865475
3133,2,0.7071067811865476,0.7071067811865475
3134,2,0.7071067811865476,0.7071067811865475
3135,2,0.7071067811865476,0.7071067811865475
3136,2,0.38268343236508984,0.9238795325112867
3137,1,0.38268343236508984,0.9238795325112867
3138,1,0.38268343236508984,0.9238795325112867
3139,1,6.123233995736766e-17,1.0
3140,1,6.123233995736766e-17,1.0
3141,1,6.123233995736766e-17,1.0
3142,0,6.123233995736766e-17,1.0
3143,0,0.7071067811865476,0.7071067811865475
3144,1,0.9238795325112867,0.3826834323650898
3145,1,0.9238795325112867,0.3826834323650898
3146,1,0.9238795325112867,0.3826834323650898
3147,1,0.9238795325112867,0.3826834323650898
3148,1,0.9238795325112867,0.3826834323650898
3149,1,0.7071067811865476,0.7071067811865475
3150,1,0.7071067811865476,0.7071067811865475
3151,1,0.38268343236508984,0.9238795325112867
3152,1,0.38268343236508984,0.9238795325112867
3153,1,0.38268343236508984,0.9238795325112867
3154,1,0.38268343236508984,0.9238795325112867
3155,0,0.38268343236508984,0.9238795325112867
3156,1,0.38268343236508984,0.9238795325112867
3157,1,-0.7071067811865475,0.7071067811865476
3158,1,-0.3826834323650897,0.9238795325112867
3159,1,6.123233995736766e-17,1.0
3160,1,6.123233995736766e-17,1.0
3161,2,6.123233995736766e-17,1.0
3162,2,-0.3826834323650897,0.9238795325112867
3163,2,-0.3826834323650897,0.9238795325112867
3164,2,-0.3826834323650897,0.9238795325112867
3165,2,-0.3826834323650897,0.9238795325112867
3166,3,6.123233995736766e-17,1.0
3167,3,6.123233995736766e-17,1.0
3168,4,6.123233995736766e-17,1.0
3169,4,-0.3826834323650897,0.9238795325112867
3170,4,-0.3826834323650897,0.9238795325112867
3171,3,6.123233995736766e-17,1.0
3172,2,6.123233995736766e-17,1.0
3173,2,-0.3826834323650897,0.9238795325112867
3174,2,-0.3826834323650897,0.9238795325112867
3175,2,-0.3826834323650897,0.9238795325112867
3176,2,-0.3826834323650897,0.9238795325112867
3177,2,-0.7071067811865475,0.7071067811865476
3178,2,-0.7071067811865475,0.7071067811865476
3179,1,-0.7071067811865475,0.7071067811865476
3180,1,-0.3826834323650897,0.9238795325112867
3181,1,-0.18309641592814455,0.44203385055563177
