,robot_x,robot_y,local_ppl_cnt
0,1.5308084989341915e-17,-3.75,1
1,3.061616997868383e-17,-3.5,1
2,0.002580794637015303,-3.340352012735016,3
3,-0.029296835070839616,-3.250306842091712,2
4,-0.0876578124482928,-3.1879303054143904,2
5,-0.13566227095848066,-3.151974383878945,2
6,-0.1542641385288181,-3.142278653681753,2
7,-0.22568613264123488,-3.192795995387306,2
8,-0.2665174949989655,-3.2113707130803646,1
9,-0.2758409793113563,-3.32045912114054,1
10,-0.30567410694373415,-3.4170210177283367,1
11,-0.32811677780169907,-3.4396654925296817,1
12,-0.3693780441118764,-3.431954412991192,1
13,-0.40461055650882594,-3.4545532664919247,1
14,-0.43077482602113637,-3.4153529147014665,1
15,-0.4677976719701548,-3.4605250315896057,1
16,-0.4986374404901258,-3.5062060180695154,1
17,-0.5209048263021682,-3.49011491585728,0
18,-0.5125317161855746,-3.4754426755010757,1
19,-0.5015655267946146,-3.4050623652881384,1
20,-0.4860788840648411,-3.3200685682645794,2
21,-0.46939916187197833,-3.1923786739540927,2
22,-0.470445896623446,-3.080078462726444,2
23,-0.44229631068886455,-3.0204761590671696,2
24,-0.3932718706910454,-2.9665009172962415,2
25,-0.267586194772481,-2.957064380377967,2
26,-0.16175421988560632,-2.8910464197583714,1
27,-0.07398134669814035,-2.774936000702545,1
28,-0.0017306728855093767,-2.619025004671351,1
29,0.07091093529453403,-2.505373056114673,4
30,0.12877760405148866,-2.350077220481875,5
31,0.17416590681378225,-2.1627313857731467,6
32,0.20844092946707432,-1.9480165914672687,6
33,0.23292306925787337,-1.7103623597497222,6
34,0.2492092493995092,-1.4608934030909944,6
35,0.2581702032451325,-1.211054052094846,5
36,0.2611948772829082,-0.9610723500705475,6
37,0.2594774811232255,-0.7110782490392817,7
38,0.2540316508156332,-0.46113757021276314,6
39,0.24570654371563916,-0.21127622347867217,6
40,0.23541199074349642,0.03851173095288915,6
41,0.2235963980968557,0.288232358395655,6
42,0.21063088220483578,0.5378959228131601,6
43,0.19681771021618763,0.7875140236784861,6
44,0.22418866733034185,1.0360111679410613,6
45,0.23087774836092262,1.2859216643091937,6
46,0.2256699681216492,1.5358674164734973,4
47,0.05021119648806968,1.7139522823572535,4
48,-0.17504669225574737,1.8223906683590663,4
49,-0.37350385978170336,1.8147245136310715,4
50,-0.41350827518755107,1.7751729600520234,3
51,-0.4528131829395171,1.852903106076115,3
52,-0.5105958211232232,1.8462517348801883,3
53,-0.7441495867671206,1.8442647210560357,3
54,-0.9140632354088811,1.8255553333498313,4
55,-1.0006094453765164,1.842104376072607,4
56,-1.1674987730658546,1.9309374473152208,3
57,-1.363674927478615,2.0859049162879724,2
58,-1.5876693612593122,2.1969296596349617,2
59,-1.6265095752390035,2.1985178055401455,2
60,-1.408461674335161,2.2276845443990574,2
61,-1.1620351720102466,2.1855659148877717,3
62,-0.9128822701434233,2.165003048080318,4
63,-0.7859219596587201,2.118099900721974,4
64,-0.5389167546389411,2.079519741402229,4
65,-0.3722815664222596,1.9540982925710615,3
66,-0.2872317118433511,1.9654822841574482,3
67,-0.1358481371556512,1.9952213319017849,3
68,-0.10806984778402319,2.0194581978805575,4
69,-0.1022832729211619,2.13361296116092,5
70,-0.16638904935982188,2.2173980023466946,4
71,-0.09898934983667781,2.3018137230429825,5
72,-0.1780130249585827,2.5167966199831397,4
73,-0.26114743510557703,2.648586681873475,5
74,-0.10785946497226004,2.846077942977371,5
75,0.04319549998525357,3.045282354478935,5
76,0.24297070472619503,3.1441054753897673,5
77,0.34194816093950503,3.2400694745570133,5
78,0.44998110844326505,3.347122120412221,4
79,0.5316579204285018,3.4762525238638404,3
80,0.5867071135030513,3.639309008217292,3
81,0.6049938094057238,3.711145976872949,3
82,0.6178956207806104,3.8062765197042405,3
83,0.6797101839980875,3.9049626721578923,3
84,0.613888722413579,3.9855796795095673,3
85,0.5722181936273256,4.014678425105061,3
86,0.5423918482685848,4.036662415633563,3
87,0.5335436176722901,4.045533110402303,3
88,0.46512226411074753,4.040878275550181,3
89,0.3980629881450113,4.035159522655946,3
90,0.3396338795748988,4.030032658874316,2
91,0.2896330968089444,4.02562514819064,3
92,1.5308084989341915e-17,-3.75,0
93,-0.01274750232769814,-3.500325209153176,0
94,-0.057504217823080774,-3.285394913688468,0
95,-0.10002545119699786,-3.120794476722911,0
96,-0.19357168946376024,-2.963665654197034,0
97,-0.3184990109225806,-2.90810619936249,0
98,-0.4386936093819388,-2.8839987348905547,2
99,-0.4603956231738914,-2.8659179285402705,2
100,-0.498497548751093,-2.86964699745221,2
101,-0.494424192027228,-2.9011913146309714,2
102,-0.5281269558826613,-2.9831854873627077,2
103,-0.5597782251497063,-3.1016400064264067,2
104,-0.6368277828538484,-3.1757336953564854,2
105,-0.7336197602879999,-3.2311655406077398,2
106,-0.8155241337161229,-3.3045161017194493,2
107,-0.9207138473456639,-3.326383293244479,2
108,-1.0010705580280914,-3.2875738628950217,2
109,-1.1061921102579895,-3.21167078531549,2
110,-1.2361601177679096,-3.1690485279627474,2
111,-1.334676636925224,-3.0777982885026907,2
112,-1.4062507309933552,-2.946791650787964,3
113,-1.4534425210727102,-2.780664784193381,3
114,-1.5731471935130532,-2.6179542995660476,4
115,-1.6749332704834778,-2.5266213278239698,3
116,-1.7427802637868797,-2.393164791198682,3
117,-1.7823349123207461,-2.226563532374617,4
118,-1.7967525515305698,-2.031314235076991,5
119,-1.789086996166127,-1.8117081346206056,6
120,-1.7639241640379528,-1.5750528893748106,7
121,-1.8063320566091816,-1.368897872872343,7
122,-1.8160838326286657,-1.1411505127708779,6
123,-1.8004697169609132,-0.8996166953352613,6
124,-1.764048905475203,-0.6522838740382844,5
125,-1.7120456786461906,-0.40775235378093533,5
126,-1.6479163254004892,-0.16611745139245992,5
127,-1.5745265840274645,0.0728677905393392,4
128,-1.4948649758024417,0.3098362023055554,4
129,-1.4104012210665926,0.5451357436054107,3
130,-1.3223344234314245,0.7791106122436607,3
131,-1.2316288062678926,1.0120751825434873,2
132,-1.1390462361343379,1.2443002193234722,2
133,-1.045175535532115,1.4760075596656543,1
134,-0.9505684847683035,1.7074152214786842,1
135,-0.7464855468983358,1.792867572031699,1
136,-0.5694554536737219,1.8981177005157137,1
137,-0.41916524380082,1.991433829421465,1
138,-0.2819535087095669,2.1691156707421753,1
139,-0.14658465799461382,2.298204769509386,2
140,-0.11043194227989418,2.415856112022773,2
141,-0.023034736665036956,2.552099997509553,2
142,0.01467133954827017,2.636233229852233,2
143,0.01784944205614666,2.742825489243539,2
144,-0.01386532961323773,2.843298083139228,2
145,-0.10125398010900362,2.9748545246920677,2
146,-0.14384973242023563,3.024034500698337,2
147,-0.2730220150596877,3.1022560112463218,2
148,-0.25109788758458107,3.177769368547309,2
149,-0.32278860870351245,3.230293462192469,2
150,-0.39727837718819214,3.245733681718335,2
151,-0.41818961172730806,3.2833396938901975,2
152,-0.4482783836237107,3.369274458069322,2
153,-0.40158291342961183,3.3288926231884837,2
154,-0.3752203232158776,3.3355080472611363,1
155,-0.3589444179676322,3.317993041104841,1
156,-0.3519225885593891,3.2304767682772892,1
157,-0.23725198689076435,3.156507246752464,2
158,-0.0858592289327503,3.188456297216789,1
159,-0.002308556127465014,3.1716626470150224,2
160,-0.004122004307716108,3.2157976758066966,3
161,0.18579140141454778,3.345987439032645,3
162,0.22952293604904686,3.3826323095400674,2
163,0.31115341987555306,3.4566094487402843,2
164,0.4237839445488716,3.4733907915009916,2
165,0.44875570212801436,3.5300112422806063,2
166,0.4583440672836014,3.6196218294939233,2
167,0.4574184507073532,3.7224440412353372,2
168,0.4564443695321059,3.7756490924868364,2
169,0.5086002080333536,3.752923328810945,3
170,0.5261761119889066,3.7133903807081436,5
171,0.5629481438101412,3.731564762437258,5
172,0.657270102862454,3.754850643934334,5
173,0.7871024094596718,3.67972563192901,4
174,0.8959809529260672,3.6572676210577173,3
175,0.7746773863581197,3.5885123497346587,3
176,0.7780192538084176,3.4122271494180856,2
177,0.6496526001928882,3.3843095495540325,2
178,0.6377846711051238,3.339335750235726,2
179,0.6100710219045719,3.3901706371672313,2
180,0.4729512016240571,3.3804254028568184,0
181,1.5308084989341915e-17,-3.75,1
182,0.026180767869945464,-3.5846135237964676,1
183,0.06778405084252322,-3.4847331533716073,1
184,0.08461436658836467,-3.432257043451756,1
185,0.11373704710242313,-3.4286103665435883,1
186,0.1622959700663925,-3.4578682667146943,1
187,0.28418647780025874,-3.450112570562535,1
188,0.43090187476100866,-3.4651911402135296,1
189,0.6127090639284283,-3.475383578844746,1
190,0.7679770289296481,-3.523826497065508,1
191,0.8824392716921907,-3.54304397970841,1
192,0.9719296342722802,-3.617252248513032,1
193,1.0530367252722403,-3.6884365496252487,1
194,1.1230814898084198,-3.7818313021996652,1
195,1.2157816967335808,-3.912749175943678,1
196,1.2737708160481862,-3.973812671294106,1
197,1.310426141231147,-4.035411552414427,1
198,1.35287824205043,-4.12086403633684,1
199,1.292111665423164,-4.109111390930372,0
200,1.1635672616948238,-4.055720857269821,1
201,1.0208416876106106,-4.006457719631413,2
202,0.8614156913464908,-3.998595842975532,2
203,0.652610523863761,-3.9987936504261197,2
204,0.47139090227697034,-3.944714182475605,2
205,0.2693805103377568,-3.912941592994404,2
206,0.07285508182392245,-3.922707624215603,1
207,-0.09402346413678361,-3.8772465333899317,0
208,-0.24807072318450568,-3.832965666622652,0
209,-0.3768026559989073,-3.7423578851386248,2
210,-0.4576003236361075,-3.6623134421892725,1
211,-0.5221140940669757,-3.5395195597120437,2
212,-0.5884356028769411,-3.451224244449892,2
213,-0.6475201037220979,-3.3211467909563597,2
214,-0.724087290561644,-3.2774323651590045,2
215,-0.7998497408139107,-3.2494386951913206,2
216,-0.900608123913681,-3.269233262411584,1
217,-1.0196701703660889,-3.3269387286497607,2
218,-1.1445038277721378,-3.3670412066868094,2
219,-1.370349270022151,-3.330053304504732,1
220,-1.54760823366556,-3.242236032071728,1
221,-1.683050788829159,-3.112803586585146,1
222,-1.782637184053531,-2.9497486495549317,1
223,-1.849758309110917,-2.757183554311638,0
224,-1.8895592398535288,-2.541912447519527,0
225,-1.9049129289669584,-2.307242848418707,0
226,-1.8986438257122997,-2.0573214640907898,0
227,-1.8760489393435593,-1.8083446155486338,0
228,-1.8399191491632234,-1.56096911502054,0
229,-1.792717793382597,-1.315465485694066,0
230,-1.7365751585244171,-1.0718510268637635,0
231,-1.673305243608775,-0.8299896660254366,1
232,-1.6239753270826176,-0.6387920474272608,1
233,-1.60607566568814,-0.4803090553218136,1
234,-1.6373670452256393,-0.3496989304401589,1
235,-1.6317915030418881,-0.1790531390346813,1
236,-1.5960852559201064,0.023610332097122544,1
237,-1.5918852584280798,0.27357504964955426,2
238,-1.542055365799108,0.5185586854307737,2
239,-1.525804082099455,0.7680299177965785,2
240,-1.5529845159875304,1.0165479735061305,2
241,-1.6169905407320875,1.2582155733129707,1
242,1.5308084989341915e-17,-3.75,0
243,-0.10704240369125044,-3.5257081520052242,0
244,-0.28355731895857705,-3.348670063763828,0
245,-0.39513133027770936,-3.2433379175092187,0
246,-0.5148170173671429,-3.109246672028479,1
247,-0.6330712454774194,-3.055176540734185,1
248,-0.6437512856072203,-3.0756331809366815,2
249,-0.5957785019043621,-3.1452199725211267,2
250,-0.5025492920302892,-3.2395094796728916,2
251,-0.4036250432376989,-3.3328623375476476,1
252,-0.3303682655812602,-3.445253386432285,1
253,-0.2465039045876191,-3.5484353401231674,1
254,-0.16380355158873453,-3.6767899039274727,1
255,-0.0721690753700785,-3.8436144213981196,1
256,0.005901775639401072,-3.9316607255536873,1
257,0.07913208494756444,-4.005096133345568,1
258,0.12157984010497597,-4.038782279856115,1
259,0.2085161992825616,-4.043835555746397,1
260,0.29104068753888385,-4.047764359063109,1
261,0.3665842690359819,-4.065060400360342,2
262,0.41603566607661907,-4.086366117994883,1
263,0.4675441004407196,-4.123985996783463,2
264,0.5085040047300207,-4.104440728655549,1
265,0.5402033459640313,-4.036251162784113,0
266,0.5633650642009846,-3.9240185458360215,1
267,0.5791410427352891,-3.7752617498852823,1
268,0.6185381995023309,-3.6783343161588906,1
269,0.6471186209178343,-3.5412478453075837,2
270,0.6664086962083358,-3.3714386094908755,1
271,0.6772634696120574,-3.172764580099697,3
272,0.6810137097139741,-2.951619056128155,5
273,0.6291288831476565,-2.78622807301246,5
274,0.5811204137066247,-2.590025327411736,5
275,0.5367077999900135,-2.3704709177626357,6
276,0.5509980497511213,-2.2025944201542975,6
277,0.5565032637464624,-2.0029531570482133,6
278,0.4970266858441881,-1.8179233613297132,5
279,0.4445582243021856,-1.6050845487747902,4
280,0.39833537303203836,-1.3691599928343492,4
281,0.3588640401602541,-1.1222956295063775,5
282,0.32541739034276157,-0.87454308841752,5
283,0.2968223384690637,-0.626183826443378,5
284,0.27207272828822876,-0.37741192932496004,4
285,0.2503174331221335,-0.1283603139271954,4
286,0.23084685924250797,0.1208803263239443,4
287,0.2130788443332957,0.37024812225234,3
288,0.19641296893168417,0.6196920009046292,1
289,0.18056795312705157,0.8691893665703831,0
290,0.1653165902253051,1.1187237247851172,0
291,0.15047930952915964,1.368283046593668,1
292,0.20837336571940077,1.6114872370547726,1
293,0.3223543307278526,1.833991932770935,2
294,0.37661995571215306,2.078031359800797,0
295,0.24180067578822134,2.288563451798175,0
296,0.08648012491494372,2.484460175804529,0
297,-0.011603745531574367,2.714415724461722,0
298,-0.14057308672516386,2.928581335688388,1
299,-0.24336817857584647,3.156469837134621,1
300,-0.40624021822553025,3.2920310184579575,1
301,-0.4331793942524785,3.4569945791674916,1
302,-0.48203784786663656,3.6252323716378116,1
303,-0.5039798526357724,3.729310085568604,1
304,-0.5303261781027279,3.8707830394741762,1
305,-0.5277242249227204,4.005547530485962,1
306,-0.5462012424000785,4.111782973217607,1
307,-0.48197310064887994,4.235753656218142,2
308,-0.44480379397301545,4.277200608455779,2
309,-0.4707133590953661,4.305340701579984,2
310,-0.5032865473203103,4.3699407182639645,2
311,-0.5207404192750705,4.371568035438337,2
312,-0.49085406723799996,4.388366188589043,2
313,-0.4790629556312086,4.400453561216261,2
314,-0.4046911511299539,4.341481076380151,1
315,-0.3576903364217365,4.333347200774981,0
316,-0.27943907597665774,4.303799813600638,0
317,-0.1807434077171182,4.275674539065008,0
318,-0.07187434149339933,4.292646874463816,0
319,-0.0031488082214429503,4.2855214250567615,0
320,1.5308084989341915e-17,-3.75,0
321,0.06817540163184804,-3.564008068289334,0
322,0.15123908083726773,-3.4441215023888296,1
323,0.2564003774795722,-3.3635801787808686,0
324,0.4294940552915112,-3.253133769398949,0
325,0.5827243709150469,-3.165383163229881,1
326,0.7021973333706637,-3.098695516270542,1
327,0.8581785451540571,-3.0131133541097856,2
328,1.0104920045403225,-2.979230942184751,2
329,1.1335964234604066,-2.9877229087539696,2
330,1.2495840920024357,-3.00589663784242,2
331,1.3817562695110945,-3.035780279570722,2
332,1.5176143397347737,-3.05002232665486,2
333,1.618837040387434,-3.0070230488996903,2
334,1.6886809786619963,-2.9129243710000865,2
335,1.732077352447296,-2.7775002693534914,2
336,1.8419980708698884,-2.660229817206255,3
337,1.9171384796620514,-2.507828103781426,3
338,2.012479244183831,-2.4246626199343657,3
339,2.0720143380048084,-2.298789840023768,4
340,2.1018100810263043,-2.139227639704572,4
341,2.2019977940759063,-1.996757308118866,4
342,2.2611827027808244,-1.8232142591189042,3
343,2.2842053536746327,-1.6231041237377934,4
344,2.2781963832118466,-1.4039776772868584,4
345,2.325989362650702,-1.1728712309805238,3
346,2.422891726611355,-0.9424153092539663,2
347,2.538837572178076,-0.7209281518479035,2
348,2.702242665994287,-0.5574847942673982,2
349,2.8571352575476414,-0.4215997886095068,2
350,3.0116349988279163,-0.30632633576437507,1
351,3.114345348046071,-0.16630742802831197,1
352,3.318560835125272,-0.05749368872226665,1
353,3.4601809516267195,0.010189287291334115,1
354,3.519175893800081,0.11762064500153656,0
355,3.5145685161227567,0.25374155157662015,1
356,3.462726810402868,0.33757938667518617,2
357,3.3561006976205254,0.35706953050123286,2
358,3.224427019334219,0.42825905318981067,2
359,3.076136750212182,0.5368669633768276,3
360,2.914683025918447,0.6760991626247512,3
361,2.743165141364358,0.8397878246156868,3
362,2.5682491598898,1.0184058512109666,3
363,2.3971916643958804,1.2007224254310513,3
364,2.2043732125194047,1.359848302069514,3
365,2.034784149815924,1.5435315887652687,2
366,1.869322017227729,1.7309409873539379,2
367,1.7067629471186327,1.9208739985059382,2
368,1.475793924347955,2.0165469336566804,2
369,1.2268410089869293,2.0394040098749104,1
370,0.978139825106315,2.0648543760094262,3
371,1.0343549721869232,2.1280633400070412,3
372,0.94897093915645,2.3630305013369832,2
373,0.8766968657199272,2.6023555069441953,2
374,0.7382029633429867,2.762233833779309,1
375,0.7371786887348604,3.0122317354935575,2
376,0.6869762854945389,3.257139307260737,1
377,0.5434866091188061,3.461860368154792,1
378,0.36990504255043577,3.6329632749087346,1
379,0.29812029622175984,3.81611370364308,1
380,0.24211298095821793,3.90232334074968,0
381,1.5308084989341915e-17,-3.75,0
382,-0.049488377869296295,-3.504947147627566,1
383,-0.16577943879629886,-3.2836410493192,1
384,-0.24464752864791528,-3.090154288580698,1
385,-0.3035071810399621,-2.9320638400880528,1
386,-0.3613503414823831,-2.883135888744174,1
387,-0.5140829654558963,-2.8871017069832483,2
388,-0.6930477986330286,-2.858357681670155,2
389,1.5308084989341915e-17,-3.75,1
390,0.09106474098775137,-3.5171755748448335,2
391,0.19263167732055914,-3.30386231177503,2
392,0.3287451744156209,-3.102360893062597,3
393,0.387529068679748,-2.9464266570805973,3
394,0.4008881591147807,-2.84351947867664,3
395,0.40051187191401866,-2.761060589643651,3
396,0.3979244903203991,-2.698636569229707,3
397,0.42138976047439286,-2.6858106448261783,3
398,0.48268332163709554,-2.7085494439843854,3
399,0.5504021866471611,-2.770060137426297,3
400,0.5892242634169129,-2.8217912866318113,4
401,0.5013650399797938,-2.8374975051693783,4
402,0.3679856746836786,-2.9128025434378424,4
403,0.21316925653506416,-3.0191161315185076,4
404,0.02855104131709235,-3.130557938106758,3
405,-0.15846238557415576,-3.2062608196432607,3
406,-0.32545141038070047,-3.271711182989186,2
407,-0.4914490317433157,-3.375633402885656,1
408,-0.6214769216958806,-3.4531210507253385,2
409,-0.7093606162839874,-3.50410577249652,3
410,-0.8292749677637794,-3.543775630086026,2
411,-0.9383393298121103,-3.6042949456262052,1
412,-0.9938658314379185,-3.658487900419107,2
413,-1.0332589238138907,-3.648436119703787,2
414,-1.0588187884664801,-3.5845134944049013,1
415,-1.0264823459977197,-3.537400578098269,1
416,-0.9284744494248802,-3.4975825969150955,1
417,-0.7768928828486792,-3.3874569119706552,3
418,-0.6446864128238757,-3.2383265849066913,3
419,-0.4283034736704076,-3.1512709866703736,3
420,-0.19637407118772254,-3.0579502908734355,2
421,0.030801855503425957,-2.9535898657496467,3
422,0.2177762577725057,-2.8093671187635127,3
423,0.3682871602444045,-2.6302181350650424,3
424,0.487698690458876,-2.4242076541903326,4
425,0.5791847140288594,-2.195250403736153,4
426,0.6440294504410374,-1.9538064968765365,4
427,0.6854046143189015,-1.7072540768639155,3
428,0.7088812462823323,-1.4583588222855013,3
429,0.7175706349300142,-1.2085098788718267,3
430,0.7142652385952853,-0.9585317311167272,4
431,0.7013975779224623,-0.7088631041152373,4
432,0.5613294485431797,-0.5017860191150169,6
433,0.45161945550903737,-0.2771447107399799,7
434,0.36750745459248635,-0.0417191995866342,7
435,0.28250328651165646,0.19338565236007918,7
436,0.22118753607137498,0.43574979729068797,6
437,0.1776002675527938,0.6819207745058933,6
438,0.14525339662548703,0.9298193020150581,6
439,0.16822807686765615,1.1787613918025628,5
440,0.1629760559374888,1.4287062182666228,5
441,0.1419669194277235,1.6778218865476726,4
442,0.15683447732654807,1.9273794064145864,5
443,0.13565530449996543,2.1764806762595668,5
444,-0.008526839297111455,2.380714633793761,4
445,-0.1638941282486679,2.576574291517968,4
446,-0.1967592084194445,2.8244046498386717,4
447,-0.2466491858499893,3.0693760566435877,4
448,-0.2129624842778277,3.2653132222476104,2
449,-0.2223701841637155,3.3715097755413135,2
450,-0.25272573370094925,3.4733836319407345,2
451,-0.2245343691391199,3.552297838030203,1
452,-0.19275276592348584,3.618448612695434,2
453,-0.16454410876612535,3.674691815261598,3
454,-0.17868385293174677,3.70204023125868,3
455,-0.19779079705298802,3.7345002497396846,3
456,-0.21733153119662313,3.790587298949114,3
457,-0.21064106423525367,3.8694409399948198,3
458,1.5308084989341915e-17,-3.75,0
459,0.031794855284597086,-3.553348274193137,0
460,-0.04414590688872134,-3.3603496568152758,0
461,-0.18713707751083916,-3.1552800951438362,0
462,-0.3346172440886832,-2.953414792364554,0
463,-0.5036665550947291,-2.7724404837475527,0
464,1.5308084989341915e-17,-3.75,1
465,-0.00035901446250954407,-3.5328624330916663,1
466,0.044418895003619285,-3.3640242552390323,1
467,0.15767129697268517,-3.283835757628156,1
468,0.24325698956666175,-3.2607769701359772,2
469,0.2859487053077162,-3.2672176549676086,2
470,0.34245854103622075,-3.2972883300090277,2
471,0.4425787210109424,-3.377835230313333,2
472,0.507945170352305,-3.4616871580993958,2
473,0.5583808261783518,-3.4734059704260263,2
474,0.6332504909435034,-3.4662163225139553,2
475,0.7464082170620036,-3.5055622454925075,3
476,0.8359924412467264,-3.4841565039258664,2
477,0.9874443289907011,-3.472848386754295,2
478,1.1857937696347323,-3.454045270217711,2
479,1.4000304517931634,-3.4113876331425246,2
480,1.6225601467631325,-3.3812124611238112,2
481,1.858465816752757,-3.3394268072459705,2
482,2.0235680977468076,-3.2631471483993537,2
483,2.048531974090791,-3.1793670906692517,3
484,2.0284613111420513,-3.0942934722420508,3
485,1.9686675727339344,-3.006831352493849,3
486,1.8317107203215404,-2.946310503130053,4
487,1.6737731144603998,-2.866141860979868,4
488,1.5110061122611733,-2.8285622640077395,4
489,1.3641808783414806,-2.74042756059221,4
490,1.2320921852154778,-2.607643841443512,4
491,1.113217222718601,-2.43964974132579,4
492,0.9623906796925201,-2.284677890467005,5
493,0.8313650808093604,-2.0982342812316763,5
494,0.6715164308671004,-1.9721041965203951,7
495,0.5371173923802315,-1.8081500688680836,7
496,0.4769027052418947,-1.6360912637149025,7
497,0.39649616278963434,-1.491765502305541,4
498,0.3355720005156342,-1.2732592782103582,6
499,0.2795878230415049,-1.0296083560439415,6
500,0.24935068360409937,-0.7814436619421357,6
501,0.30087825597774526,-0.5368114701004267,6
502,0.3872641897303435,-0.30221080844387527,4
503,1.5308084989341915e-17,-3.75,0
504,-0.039324323422561314,-3.5882611157397877,0
505,-0.05772437116571839,-3.4699979055926016,0
506,-0.05533665426205351,-3.3732529832363567,0
507,-0.0008005100608814986,-3.2829707068809952,0
508,0.03388666862609256,-3.2151772295343872,1
509,0.027347813144954842,-3.1596234504335534,1
510,-0.03536250457822926,-3.1532189511749253,1
511,-0.08172461163559622,-3.123535397359382,2
512,-0.12354092308503342,-3.17287375300403,2
513,-0.18397844707892771,-3.2456179884246845,2
514,-0.22451740396093534,-3.387269141463645,2
515,-0.2491512052763556,-3.5049263612095265,2
516,-0.2744397805041905,-3.621698500655584,2
517,-0.29367709622380617,-3.664459837247727,2
518,-0.3076934351495917,-3.6447658950905,2
519,-0.3172239387854791,-3.572773798143145,2
520,-0.32371200040958303,-3.5450923184332708,1
521,-0.32680474582536156,-3.4671185135987654,1
522,-0.3458435296445489,-3.4383844945928104,2
523,-0.3288511421922183,-3.452526401857795,2
524,-0.31214481953932943,-3.4063039896364478,3
525,-0.29161407837949954,-3.3631287143923374,3
526,-0.26730024562718147,-3.2794552447850567,3
527,-0.2377513039915642,-3.2535187456020416,3
528,-0.2113060549828628,-3.1754954718037034,2
529,-0.20720483470693316,-3.084085785472714,2
530,-0.20208635315481516,-2.9494419163097625,1
531,-0.19617241164511884,-2.780295098385616,2
532,-0.18957362224715585,-2.5810830831765115,2
533,-0.18239567257454736,-2.3560688977584654,1
534,-0.17482117683980405,-2.112459255803869,2
535,-0.16720590646537917,-1.8625752674070044,3
536,-0.26545135550760424,-1.658584730468038,4
537,-0.3380062415840158,-1.4288174272001637,5
538,-0.27372584097577074,-1.1998650636089883,6
539,-0.22156777010617346,-0.9553665244657817,6
540,-0.18130050527684038,-0.7086307399043114,6
541,-0.1504691482478416,-0.4605391692620374,6
542,-0.1269681372676767,-0.2116462153985136,4
543,-0.10849826404815767,0.03767057862718956,4
544,-0.09392455492343471,0.28724543113109857,5
545,-0.08230252414271563,0.5369751418195388,5
546,-0.07285985451196834,0.7867967501528544,4
547,-0.0649775492201175,1.0366724577822397,5
548,-0.05817120687799682,1.2865797880147118,5
549,-0.05198278104252526,1.5365031830494282,5
550,0.05250095033671783,1.763622424588031,5
551,0.2207093278966199,1.9485709085468497,4
552,0.41695682300316184,2.103448023268192,3
553,0.2890291485327141,2.094055869555418,2
554,0.12795829983892826,2.090380635282935,2
555,-0.11871192624754517,2.1310475697930267,0
556,-0.22194682023832019,2.0454619727022134,0
557,-0.32006976842399937,1.9481534220026613,0
558,-0.32142311309826704,1.965843584759714,0
559,-0.5133794999382149,1.90095373925,0
560,-0.578256686340566,1.9900464148608816,1
561,-0.6273466955758189,2.0511106488067843,1
562,-0.8372517985630068,2.031899474818116,0
563,-0.7668167155876107,2.076474635095373,0
564,-0.7524799920708853,2.0535840198852986,1
565,-0.7067360101487687,2.0227983351190737,2
566,-0.677358166591834,2.045835273256931,2
567,-0.4294809022594015,2.078344684618403,2
568,-0.1855563689940819,2.1331244443047686,2
569,-0.27735050774429804,2.3493952305405488,2
570,-0.45986924120413386,2.3714036306559727,1
571,-0.5097493443344162,2.358636266329204,1
572,-0.5683110921903121,2.4318456834417495,1
573,-0.724467786866211,2.5581762623772217,0
574,-0.8920199194538675,2.663695410068904,0
575,-1.0045707447328605,2.723558047848158,1
576,-0.9569971633262457,2.778398120662332,1
577,-0.93166515474334,2.8340733989717517,1
578,-0.8668001921150102,2.872683185161196,3
579,-0.8443482282505234,2.892117169763993,3
580,-0.7603072528777031,2.9663435005561727,3
581,-0.644759174983423,3.112475830360228,3
582,-0.5120426000269147,3.254295915456757,2
583,-0.3945902042435524,3.4087464359812243,2
584,-0.3177418945843449,3.520799274708935,2
585,-0.2383148629564038,3.588419549205441,1
586,-0.19853823960623435,3.648632280458579,1
587,-0.14469309263056662,3.7086860183396375,1
588,-0.11985637740462404,3.7527955101897126,1
589,1.5308084989341915e-17,-3.75,1
590,-0.015088219643762755,-3.5541123160875645,1
591,-0.02998817008277864,-3.4228331843650235,1
592,-0.026827072792727696,-3.4044140106619376,2
593,-0.06019788527103886,-3.431579641600431,2
594,-0.07428412669445861,-3.4091051079788337,2
595,0.0021855315455052565,-3.425096689224793,2
596,0.1294491625649869,-3.462485758123469,2
597,0.25852415784188687,-3.539184229417237,2
598,0.3837263382427026,-3.576006150434024,2
599,0.5244701625225452,-3.60735892470687,2
600,0.6458691313341703,-3.61123408823361,2
601,0.8035239852830082,-3.6426598512330566,2
602,0.9260189108389052,-3.70159901982076,2
603,1.069707702165721,-3.787738604581906,2
604,1.2280262942308924,-3.825396411349354,2
605,1.3882321479907667,-3.839895763964139,2
606,1.51748714582302,-3.8977427776527898,2
607,1.6861199835201968,-3.9616869322500214,2
608,1.8192263572729577,-3.965635127590427,1
609,1.9211749195006256,-3.91837408585495,0
610,2.039473720295618,-3.8591858196733155,0
611,2.127384258517104,-3.758740705020398,1
612,2.1820477419194315,-3.632576680522778,0
613,2.253106895552177,-3.5011675566107066,0
614,2.315929098920239,-3.3683203809422,0
615,2.3518299551140025,-3.2033287958908945,0
616,2.3641482575414345,-3.057832524021573,0
617,2.355957629148106,-2.8818380800834937,1
618,2.3307633592489023,-2.6818359280825144,1
619,2.290444791174196,-2.4610675150056407,3
620,2.1734769228385424,-2.2668528494798164,2
621,2.0586940176033677,-2.117933638304245,5
622,1.945979986190945,-1.9380039162208316,5
623,1.8355236057508888,-1.7315868197728825,6
624,1.728041183348757,-1.5062840595196496,6
625,1.6285529272961572,-1.276932611066381,6
626,1.5358208927022556,-1.0447672179517407,6
627,1.4486063070509712,-0.8104733510886177,6
628,1.3658238160755394,-0.5745770620378942,5
629,1.286539046637008,-0.33748230179406485,5
630,1.209710203810982,-0.09958037050721341,4
631,1.0939197930367577,0.12198808566996092,3
632,1.101635603284362,0.37186898984677663,1
633,1.103162362759951,0.621864327814315,2
634,1.1194311125565346,0.8713344217736033,2
635,0.9424354522153806,1.0478918804673636,1
636,0.7793967670167863,1.237413349247852,3
637,0.5698651855113395,1.373782393945783,4
638,0.581548698987417,1.6235092357406815,4
639,0.5823479204369052,1.8735079582275667,3
640,0.4933970465342281,2.1071481560359704,2
641,0.44340676926885497,2.352099114758183,3
642,0.3932819452209489,2.5970225763011032,3
643,0.31263692661631215,2.77205794577889,3
644,0.24029137680632243,2.9584922957369773,3
645,0.17639855194070309,3.136364844698198,3
646,0.19820165589155117,3.267196716268155,4
647,0.2429914305072498,3.406900946646917,3
648,0.2992999661190708,3.65047711300408,3
649,0.2452516126271496,3.847988512448469,3
650,1.5308084989341915e-17,-3.75,3
651,0.057397033644317655,-3.542054246164674,3
652,0.08766651736878958,-3.403833516013803,3
653,0.09143367017890644,-3.3478977507036167,3
654,0.08593600239360745,-3.3445975382428474,3
655,0.05865344882325433,-3.389539942517725,3
656,0.055714953356260546,-3.4345351791552923,3
657,0.032436223294256106,-3.5361940558114577,3
658,0.05877795084167133,-3.611345708561305,3
659,0.0804685265508574,-3.619235151000892,3
660,0.058185861813695415,-3.666354346952686,3
661,-0.003170010792958401,-3.7119822480364593,3
662,-0.054665247773603806,-3.694349524678874,3
663,-0.10020513941597475,-3.674246159130597,2
664,-0.09812884854388068,-3.6746109967265275,2
665,-0.09567156307508207,-3.6192444022974533,2
666,-0.1230746296347371,-3.6128445471178923,2
667,-0.145188606979455,-3.552247244185544,3
668,-0.09857622829819293,-3.512024841321133,4
669,-0.058720351677328246,-3.4237614484551937,3
670,-0.05132336662988153,-3.381658285198373,3
671,0.011611488997873065,-3.3604322216337748,3
672,0.06389530345674561,-3.285494976872391,3
673,0.10690747227918634,-3.16644384302607,4
674,0.14146013860705708,-3.0083276245373987,4
675,0.16875080933010062,-2.8193414481554893,5
676,0.23047962024176671,-2.743706669767008,5
677,0.2787346222938968,-2.62108726772998,4
678,0.3155645755419736,-2.4612607271697295,4
679,0.34216277145932245,-2.269172549359993,4
680,0.35969042854988664,-2.0495486786512305,4
681,0.3698109017696366,-1.8103453522906077,4
682,0.3733796398831931,-1.5603708253718096,4
683,0.4333382334774918,-1.3503730433860268,4
684,0.47280481092904253,-1.1157096831578979,4
685,0.49603749589515556,-0.8667915392847254,4
686,0.5052150161557111,-0.6169600498326007,4
687,0.5919608152746599,-0.3824922133705073,4
688,0.6450522670524426,-0.1381946535216063,4
689,0.6602479841224803,0.1113430994993091,4
690,0.6907672348921422,0.3594732575463681,4
691,0.6189345948330434,0.598931128208704,5
692,0.5485559655373861,0.8388203704403314,6
693,0.4672771207310758,1.0752389597833687,7
694,0.4420843609656838,1.3239663705273461,7
695,0.36090502467173724,1.5604191466981374,7
696,0.25561033647957254,1.7409224298806747,6
697,0.06984401759873338,1.8413126532392907,6
698,-0.15317111597799746,1.8570326994103037,6
699,-0.22277580217183898,1.933380151953763,6
700,-0.42243796824115987,2.025326714938299,6
701,-0.6285545272259312,2.052334776569169,5
702,-0.7584952298815943,2.0895903262473876,4
703,-0.981731915698939,1.9770497464315357,5
704,-1.1047427104312222,1.901846957235933,6
705,-1.1225812870379779,1.8099622588473072,6
706,-1.2018881059980129,1.7532223737176866,6
707,-1.315385431118662,1.534462306081783,5
708,-1.4298762796869144,1.595931860190955,5
709,-1.6180049843727289,1.4784188452448468,5
710,-1.8105586879082378,1.4532106866260859,5
711,-1.973837503914074,1.3793646339625936,4
712,-2.1866118531487393,1.2481126766142754,3
713,-2.4241151473973668,1.3245776993849847,2
714,-2.628521085769432,1.4685159234890617,1
715,-2.7954280827380615,1.654639684365834,2
716,-2.9761318615851877,1.8274000510891333,1
717,-3.0601312897649935,2.062865751490414,2
718,-3.039600406153161,2.2688628551137193,2
719,-2.924766433572871,2.49092851824386,2
720,-2.902967929045283,2.739976355416482,1
721,-2.893646128563577,2.989802503038742,2
722,-2.894785973897228,3.239799904530468,1
723,-2.846836755451081,3.4851585653729247,0
724,-2.8019909172528714,3.7311033778742253,1
725,-2.678276437491476,3.9483468530291015,0
726,-2.578272196383923,4.177473786759081,0
727,-2.4740939366100934,4.404733308430884,0
728,-2.3140053991495266,4.596753255763802,0
729,-2.121296258263807,4.75307028961608,0
730,-1.9257334391586116,4.9088110478768145,0
731,-1.718539761333468,4.933158994439179,0
732,-1.5257432584678794,5.028580668815056,0
733,-1.2861955987535802,5.1001133097938585,1
734,-1.1264741825805225,5.146091785374261,1
735,-1.0406536693000468,5.298982656378797,1
736,-0.7915552025064694,5.3201947718105265,1
737,-0.5739063258845594,5.356774269513325,1
738,-0.32409763486401455,5.346995829422903,0
739,-0.1301101116366227,5.2398936313321895,0
740,0.05185890470684637,5.068466454108185,1
741,0.15011733910132957,4.876440367534512,1
742,0.2311938422556585,4.819957360619157,0
743,0.2604727949348744,4.740988446350613,0
744,0.2885442515612619,4.705369667904382,0
745,0.28661626315207395,4.6205948034863065,0
746,0.30136283046090995,4.537681441243013,0
747,0.3281316421057531,4.476673006722078,0
748,0.3582732003023216,4.419763831429196,0
749,0.390609700890646,4.377707450152792,0
750,0.3918017455508708,4.3468258327310885,0
751,0.3642169373783184,4.293878724917818,0
752,0.3148794089252699,4.250331272772513,0
753,0.2691130570303141,4.2134278158354235,1
754,0.22955911826500788,4.18199332687883,1
755,1.5308084989341915e-17,-3.75,1
756,0.07103328218839672,-3.568866647134953,1
757,0.23325400741062147,-3.4347797632183643,1
758,0.42725118767678655,-3.3797969536440196,0
759,-0.0659271986746659,-4.241150584645593,1
760,-0.11203887257215875,-4.4868612143105935,1
761,-0.15098662101120752,-4.647287130893179,0
762,-0.18354540650812398,-4.733472964619586,0
763,-0.2106689712959302,-4.758888554374313,0
764,-0.232938166550904,-4.731598690552339,0
765,-0.21333287015601038,-4.657227512596025,0
766,-0.19602108989008923,-4.589085077989339,0
767,-0.15490618380327215,-4.534167038127967,0
768,-0.11865051877569466,-4.436004891447066,0
769,-0.033403572440468335,-4.3179957997193705,0
770,0.03953585341647371,-4.164441682607184,1
771,0.12434383999074929,-4.04144114896941,2
772,0.19529811830768656,-3.882769026554579,2
773,0.30518112800923114,-3.7299779622378515,2
774,0.36362480285381177,-3.6300220157128393,2
775,0.4229102913353824,-3.5722943388126693,3
776,0.46961343998751337,-3.468893934754125,4
777,0.546671385278015,-3.388607594334949,5
778,0.608195166788216,-3.3256709737950834,5
779,0.6546509378439022,-3.2162933610024735,5
780,0.7333735181931662,-3.1057710554648263,6
781,0.792102056120731,-2.9551931054357277,7
782,0.7972756215302479,-2.8404588752046296,7
783,0.7942775703983722,-2.685077059109064,7
784,0.758096228364638,-2.5730352630962865,7
785,0.7217268840839177,-2.4222700080527946,8
786,0.6853325935750805,-2.237868980440633,7
787,0.6490600658835146,-2.02469783855285,7
788,0.6132709101802646,-1.7908958543394524,7
789,0.5785004938966761,-1.543325625613408,7
790,0.5460922309658082,-1.295435116529652,8
791,0.5155887260601922,-1.0473030222966144,8
792,0.48659965538737315,-0.7989894427615307,8
793,0.45869087153522226,-0.5505521271587938,8
794,0.5801831643176952,-0.332058139153499,8
795,0.6878198442467282,-0.10641606609562504,8
796,0.5856814908398498,0.0027296395350125957,8
797,0.4392117574245446,0.20532928709948753,7
798,0.266049765395936,0.38564823928334446,7
799,0.05864657055942088,0.5252330334824497,5
800,-0.13830401703605338,0.6792150650504135,5
801,-0.3367433061656946,0.8312737659843709,5
802,-0.5138383195938641,1.0077315689256872,4
803,-0.6052307172182911,1.2164393670962745,4
804,-0.7867720359872324,1.3883194112539186,4
805,-0.9836081757563115,1.5048515798072488,4
806,-1.156363864459975,1.5318709872171277,3
807,-1.3344493659070427,1.7073291137725723,2
808,-1.5594738294212451,1.8162510620665016,2
809,-1.7440700714380486,1.961739143029269,3
810,-1.867174987001437,2.1334522623393837,3
811,-1.9346988194649741,2.2429150615782434,2
812,-1.9385742566986552,2.3618019305917834,2
813,-2.012969438915534,2.597067559587188,5
814,-2.163779876540653,2.796457157869847,4
815,-2.257891938635676,3.0280665699588694,5
816,-2.3159948122799174,3.271220957281577,5
817,-2.3243518587005423,3.521081237788751,5
818,-2.4840553488158177,3.6981060382406747,5
819,-2.5985366942474117,3.7801055987465046,4
820,-2.6415894637894626,3.868189884997758,4
821,-2.7404522053833955,4.080473362901463,4
822,-2.7707296651282487,4.192042750491962,4
823,-2.6787062763710563,4.249155656743595,4
824,-2.549047921197436,4.209368235594932,4
825,-2.327950411527142,4.156232611071022,4
826,-2.091806093451043,4.074160319520377,4
827,-1.9036233940149239,4.043788030291689,3
828,-1.7581361737031684,3.9712798778034837,3
829,-1.518765558919169,3.8991570050242457,3
830,-1.418768283347008,3.7740038050182267,3
831,-1.4003138942376148,3.675432158376988,3
832,-1.4146352445020245,3.5562217148415254,3
833,-1.3399870331943031,3.4037033525207008,3
834,-1.2410368857342382,3.21456150995516,3
835,-1.135843414838055,2.995153776989276,6
836,-1.0433374877226007,2.879941921771998,6
837,-0.9242885251720475,2.8189726337654037,6
838,-0.8418950432459822,2.7491717600340393,6
839,-0.7863331184882283,2.8088054431707326,6
840,-0.6839908263843273,2.785887358009424,6
841,-0.5406875720917865,2.809070389151469,6
842,-0.3059889808748796,2.8462264753171174,6
843,-0.1199327953958787,2.9624456544296613,6
844,0.07668155625218609,3.109774983258394,5
845,0.31180068589577303,3.1947396516543933,5
846,0.1904238503979283,3.268683295482995,5
847,0.09159331392523327,3.370392024364678,5
848,0.014177287623755211,3.408811961348542,4
849,-0.06691385178955478,3.5513066384748027,5
850,-0.215090933595245,3.601887030293837,5
851,-0.316672425909995,3.705959765756432,4
852,-0.3972444148478479,3.7342755008236193,4
853,-0.5316362834062947,3.7213388126174314,4
854,-0.59598874351578,3.8034073782880764,4
855,-0.6399714847722188,3.8281439248958264,4
856,-0.6337278138133594,3.851661422221743,4
857,-0.5366987520836933,3.877585220379366,3
858,-0.49281222515334844,3.9275352591325836,3
859,-0.40979966102922993,3.97275367066085,3
860,-0.24067930398831638,4.0418442635001774,3
861,1.5308084989341915e-17,-3.75,0
862,0.07894688545527535,-3.5470999933262304,0
863,0.2044136581881965,-3.38877242640101,0
864,0.3536522688300775,-3.1882036424547513,0
865,0.5183565480460532,-3.000127858771828,0
866,0.7115435320183132,-2.841449601837547,1
867,0.9047252039871129,-2.6827648778867546,0
868,1.1160243586625285,-2.5491510042304055,0
869,1.332080986137318,-2.4233752763485126,0
870,1.548325683922467,-2.2979231712254435,0
871,1.7486367667926184,-2.148338846915082,0
872,1.9471641392049623,-1.9963951652331824,2
873,2.1430270053560303,-1.8410319209857453,2
874,2.3252490894812423,-1.6698737717287957,2
875,2.4694252250822917,-1.46563557274744,2
876,2.61044143085043,-1.2592029452130358,3
877,2.766426408932215,-1.0638348653923417,3
878,2.911301862705031,-0.8600921283583052,3
879,3.0907880669273426,-0.6860671229887705,3
880,3.2219527135759023,-0.4732389400111431,5
881,3.378828978729408,-0.27858581922576536,5
882,3.508837599940345,-0.0650495028511705,3
883,3.625010928848713,0.15631842086486417,2
884,3.66235780618696,0.3784580541105753,3
885,3.641967661299841,0.6276251506371477,2
886,3.5606693499898827,0.864037046653717,2
887,3.451120245814513,1.0887568583623735,2
888,3.3572207800327742,1.3204525430997118,3
889,3.2839286275828785,1.559467731715961,2
890,3.1921835681100332,1.7920249162154387,2
891,3.118621140467669,2.0309570598030313,3
892,3.061988933616746,2.274458175092457,2
893,2.962566825730033,2.503838306017877,3
894,2.805802131760586,2.69858129234772,1
895,2.6389540734603787,2.884757889806828,0
896,2.4809770537840823,3.0785187249985535,0
897,2.361744324107657,3.298253920572473,1
898,2.14596052793752,3.424497151323293,0
899,1.916126987854399,3.5198561724996855,0
900,1.6787365452764513,3.59584076112366,0
901,1.4382037046147793,3.6606810789153963,0
902,1.1971867412838777,3.719829278722538,0
903,0.985333681421939,3.77022118039514,0
904,0.7854624202634884,3.817023719912053,1
905,0.6373992324661824,3.851570888829233,1
906,0.5192914898358527,3.8791044521671223,1
907,0.43932870696811,3.897734029036929,1
908,0.37411578167182047,3.912925130867598,1
909,0.3189345947928409,3.9257790659562604,1
910,0.2719429260642452,3.9367252853591683,0
911,1.5308084989341915e-17,-3.75,1
912,0.12138392792832835,-3.5543406119273966,0
913,0.2744282072362662,-3.443575185939915,0
914,0.3651665476294136,-3.376827683451282,0
915,0.42030638542529186,-3.3364991947954357,0
916,0.47288740184306843,-3.3556855134836554,0
917,0.5081807598854154,-3.3935654668676714,0
918,0.49019104159458665,-3.441684430346837,0
919,0.4967702767636079,-3.504766606297098,0
920,0.49604520847933087,-3.6050428979301516,0
921,0.5285958002694029,-3.716022129481665,0
922,0.5617763661310637,-3.826274021649648,0
923,0.5127267486895281,-3.87347643693285,1
924,0.40228969870847314,-3.8704477806285507,1
925,0.2558447433942731,-3.822297750440789,3
926,0.06270700807084531,-3.7593034507778427,3
927,-0.15666261139980414,-3.7013208786673384,3
928,-0.37526188577646225,-3.615473094016651,4
929,-0.5916110875289964,-3.5196845654578413,4
930,-0.7689676163367757,-3.3847085882959504,4
931,-0.9543715565976097,-3.2170023602191224,4
932,-1.1012200005291766,-3.0212831589590174,4
933,-1.2591905262951706,-2.827517029335661,4
934,-1.378821902112953,-2.610665992887582,4
935,-1.4634241427044974,-2.375416208856033,4
936,-1.5156662064091762,-2.1309356027133854,4
937,-1.6624424394290955,-1.928557892921812,3
938,-1.76156958288037,-1.7043721014191147,1
939,-1.8189009554324298,-1.4621162192595771,2
940,-1.8423118432090222,-1.2132147722298103,1
941,-1.932127923210404,-1.009631043744615,2
942,-2.0744211081790027,-0.8411991669769903,2
943,-2.2963299705743907,-0.7559408916036343,2
944,-2.4326702997128535,-0.6243962565144732,2
945,-2.600249200252669,-0.522758153582938,2
946,-2.691044175546162,-0.38204424121791636,2
947,-2.7222280217234447,-0.2136192273993378,1
948,-2.6114787553106393,-0.13223812580754518,1
949,-2.439972784244195,-0.15222920365385528,1
950,-2.190042891528849,-0.15814940021272772,1
951,-1.9400883384565366,-0.15338270340879664,1
952,-1.7242095284093881,-0.0778923596642058,1
953,-1.5371423445923105,0.05513081760682584,0
954,-1.3742041479488407,0.22648261356826022,0
955,-1.2313808774596322,0.4278983009725398,0
956,-1.108651344441113,0.6456997282521979,0
957,-1.0026449956586736,0.872112303030667,0
958,-0.9088892807012138,1.1038661938562917,0
959,-0.7349295801175875,1.2834156928053422,0
960,-0.6225225394799,1.4965292748438517,1
961,-0.5965944301388372,1.5087299610951268,0
962,-0.6738910256073918,1.4023841857646246,1
963,-0.7339299030194629,1.2670783564188717,2
964,-0.6539856122956609,1.1084679947450329,2
965,-0.6025875429485602,0.9960491119433154,2
966,-0.6608086715894201,0.7922627890165055,2
967,-0.7281440278859184,0.7144715067522518,2
968,-0.7504314488259002,0.7592646273831961,2
969,-0.7959517889527158,0.7363441764087634,2
970,-0.922737141950015,0.6642913849798999,2
971,-0.9776298679767461,0.7142205979783613,2
972,-1.0091481525238004,0.6545133886438235,2
973,-1.0745219254905032,0.6098177537439305,3
974,-1.0974190303764475,0.5555727392982233,3
975,-1.0852251331751537,0.6056647450942949,4
976,-0.9913939798905641,0.7125040521821293,3
977,-0.9024845230968916,0.8760427518071895,3
978,-0.7618537080304826,1.0827381166651306,3
979,-0.6507282439390415,1.306682599138939,4
980,-0.6331252818792622,1.5560621005553985,4
981,-0.5997441431427826,1.8038234768363997,3
982,-0.5652318089384113,2.0514298151796773,3
983,-0.5275927207402574,2.2985801723301607,3
984,-0.4908608287253965,2.545866985785728,2
985,-0.6084307664054807,2.7664963350434846,1
986,-0.6449589539141647,3.0138133209488815,1
987,-0.6031713943745114,3.2602961801251737,1
988,-0.5493011346139339,3.5044231862374184,1
989,-0.4533054723170011,3.727215770381015,0
990,-0.3694855253174677,3.8704934624483602,0
991,-0.25941565500112485,4.010626591187034,0
992,1.5308084989341915e-17,-3.75,0
993,0.10800996116268387,-3.5366360488029107,0
994,0.18885811882011166,-3.393396719825862,0
995,0.2116356235357983,-3.31265206061232,0
996,-0.0821906555284187,-4.236103147255196,3
997,-0.1517851205862849,-4.385173515195194,3
998,-0.205281594782045,-4.513967025195616,3
999,-0.2500151707125718,-4.573773547776494,3
1000,-0.28695121919680844,-4.573946761084078,3
1001,-0.28987054242240357,-4.579156660597471,3
1002,-0.2906401434571943,-4.532387411002041,3
1003,-0.289558057182882,-4.441237492288911,3
1004,-0.2868914662121484,-4.3125018307905325,2
1005,-0.2827859850827533,-4.149831665142768,2
1006,-0.2551070071318409,-4.010556946821664,2
1007,-0.19552111397607036,-3.9129669981393693,2
1008,-0.14374399815919392,-3.7766822097591635,2
1009,-0.10806414077854576,-3.7289447401342475,2
1010,-0.12072110976508257,-3.69946271087589,2
1011,-0.13047044636107819,-3.6188539864363016,2
1012,-0.17605088276769199,-3.58241290942506,2
1013,-0.21304232906283146,-3.496812476814782,2
1014,-0.24216474242626712,-3.3672390208935714,3
1015,-0.21689791795973992,-3.261747744954685,3
1016,-0.13576781047691802,-3.2045634261710596,3
1017,-0.04372550398305883,-3.1717171725471625,4
1018,0.032500340752415785,-3.084604657047696,4
1019,0.09503242596958494,-3.0583907386804023,4
1020,0.14577255407521433,-2.9776951893904355,4
1021,0.18636835375374294,-2.8527742185615814,4
1022,0.2177881686955703,-2.688973378441104,4
1023,0.409339916501833,-2.5570895254859396,3
1024,0.5597515275780278,-2.3865886943607606,4
1025,0.6755227364278569,-2.1866271153499692,3
1026,0.7604834356415865,-1.9616151927147674,2
1027,0.8200127967063079,-1.7190596376264193,2
1028,0.8558429726426877,-1.4716405629931808,2
1029,0.8718898900096911,-1.222156101667397,2
1030,0.8718380122902691,-0.9721561070499926,3
1031,0.8589558356696898,-0.7224882286084193,3
1032,0.8360474562058996,-0.4735400288753363,3
1033,0.8061575997928704,-0.22533326731633185,3
1034,0.7708232190856774,0.022157099243740874,3
1035,0.7613941881140692,0.27197922271349373,4
1036,0.8032700862102458,0.5184470890949728,4
1037,0.7606925106811029,0.7647947094651728,5
1038,0.6831264923881966,1.0024573123419918,5
1039,0.6803283805451901,1.2524416529917892,6
1040,0.683765676507214,1.502418021867868,6
1041,0.6703823410045594,1.7520595375074415,6
1042,0.6739717486401939,2.002033768485007,5
1043,0.6852149254764927,2.2517808224708906,5
1044,0.7033987976331557,2.501118639083995,6
1045,0.7810104284051065,2.738766350558182,5
1046,0.843138295589599,2.9809235889779866,5
1047,0.7933140321841914,3.2259083696810102,4
1048,0.6821313445233261,3.4099849297693168,4
1049,0.6008553700749715,3.556705973702404,5
1050,0.4384384326652626,3.7235607859240556,5
1051,0.33883258788362447,3.851688190705569,6
1052,0.15532727790110298,3.912802088953703,5
1053,1.5308084989341915e-17,-3.75,2
1054,-0.01580610477947499,-3.5301587775283,2
1055,-0.0868809231278816,-3.3325932072653943,2
1056,-0.21183036748720563,-3.1476966663361745,2
1057,-0.3157554423896555,-3.006777374011102,2
1058,-0.4079881185216301,-2.937885149421633,2
1059,-0.5004482226445055,-2.8975125885996986,1
1060,-0.5780938744846713,-2.874178517747893,1
1061,-0.5939806690010453,-2.918760652620615,1
1062,-0.5659979350478571,-3.005471155972651,1
1063,-0.5407513392831065,-3.089213960247045,1
1064,-0.4972880277947288,-3.183066337908318,1
1065,-0.43851791667222006,-3.3006260335216373,1
1066,-0.35921625532057333,-3.4444155582654545,1
1067,-0.31454183218039444,-3.656076241028102,1
1068,-0.24815644044281412,-3.8509849205336333,1
1069,-0.19026457552494563,-3.962757754297623,1
1070,-0.14756150463166307,-4.028820771364834,1
1071,-0.07149660611145855,-4.049950978767237,1
1072,-0.035057841914904686,-4.077905319071846,2
1073,-0.003969428121505886,-4.046786861037205,2
1074,0.018841321021857878,-4.042650694476312,1
1075,0.03644184483513219,-4.043354296298068,1
1076,0.05109488440182065,-3.9893998454895834,1
1077,0.06315281559422416,-3.889537781358848,1
1078,0.08970842479157183,-3.817557896235167,1
1079,0.11158060338593585,-3.7036043436260004,2
1080,0.12913411530862426,-3.5520378162014397,2
1081,0.20540820130940335,-3.448828645072435,2
1082,0.2672811817433428,-3.304975501220071,2
1083,0.31668691081754663,-3.1284205898029396,2
1084,0.35474903602250285,-2.9232301691526135,3
1085,0.3831427173413058,-2.696160522024791,3
1086,0.4028301286690241,-2.4504726103707353,3
1087,0.41422991103955614,-2.2007326556940665,4
1088,0.41863033051502074,-1.9507713860772717,4
1089,0.4172986695978068,-1.7007749327440262,4
1090,0.41168273663048455,-1.45083801810974,4
1091,0.40256102248360937,-1.2010044848700592,4
1092,0.39060476091689444,-0.9512905529212223,3
1093,0.3763873738692574,-0.7016951485053203,4
1094,0.36039377135913325,-0.4522072636717114,4
1095,0.3430293208597373,-0.20281104104824413,4
1096,0.32472713233713163,0.046518118689005655,3
1097,0.3057011673826407,0.2957930926786754,2
1098,0.4290491242467713,0.5018474698422082,3
1099,0.5926927094605089,0.5680664286403201,1
1100,0.8239428471448664,0.6630578694177172,0
1101,1.030215446226078,0.8043080547920441,2
1102,1.033559036736056,0.8538014829446776,2
1103,0.9308429013610502,1.0435448101863418,2
1104,0.8067045994647084,1.1203905156503728,3
1105,0.6710442435292909,1.2610346804173358,3
1106,0.5474342971361816,1.431767432338804,3
1107,0.4239484205307221,1.649140931825244,3
1108,0.33336265391296055,1.8821521308828695,3
1109,0.1284671499970758,2.025392601683044,3
1110,-0.07399156550035454,2.172057077678871,2
1111,-0.3185264486825085,2.2240444887231834,2
1112,-0.5199304674719465,2.3721539793558355,2
1113,-0.7076254245460989,2.4576133247838934,1
1114,-0.886727866183137,2.446263519017926,2
1115,-1.0881728565613524,2.5943172790225972,2
1116,-1.1611498385105659,2.77641894265882,2
1117,-1.0904406744020163,3.0035579378693265,2
1118,-1.0745590293049752,3.2301439194271766,1
1119,-1.0765889149915289,3.3446040489585775,3
1120,-0.8623632841790947,3.473473669517554,3
1121,-0.6455341671612534,3.5265957995790025,3
1122,-0.492153524143655,3.5408441177639407,3
1123,-0.2997517594505271,3.6275295932102942,4
1124,-0.22376344732437875,3.631653677248323,5
1125,-0.1297239196842965,3.6734536342586894,6
1126,-0.08273460046937273,3.7145530490961285,6
1127,1.5308084989341915e-17,-3.75,0
1128,0.046560611669557904,-3.5716510146274105,0
1129,0.1145872374923732,-3.4273190435284517,0
1130,0.15976541364197766,-3.3365434690030997,0
1131,0.12337189871770508,-3.301992426671826,0
1132,0.10497545651398671,-3.3098009440695138,0
1133,0.03608539361544125,-3.3307436200429974,0
1134,-0.006467657923601218,-3.379505395162259,0
1135,-0.04780670549355778,-3.4774177360551453,0
1136,-0.03987572980921328,-3.582225263726491,0
1137,0.015566941578109915,-3.70478262934102,0
1138,0.10096422729888815,-3.7832341395571323,0
1139,0.17193470134427868,-3.7926438431574705,0
1140,0.21204577651418272,-3.8502137687365314,0
1141,0.2346124641894149,-3.9119886869343237,0
1142,0.23783908439468282,-3.9849633047195097,0
1143,0.23677281263919758,-4.037200201940886,0
1144,0.2313722170389324,-4.062383047230151,0
1145,0.22200422070738846,-4.094695620089295,0
1146,0.22150865667042144,-4.1266424880663735,0
1147,0.2343121430294786,-4.2173241338038014,1
1148,0.2437400584548234,-4.24245162349065,1
1149,0.28456805817718844,-4.2730592523522954,0
1150,0.3175837190063341,-4.24658047927729,0
1151,0.3422610703459729,-4.238043663705946,0
1152,0.36113009400989005,-4.178393212678628,1
1153,0.3749234927515354,-4.075517054873792,1
1154,0.38405023712590286,-3.933650819947781,1
1155,0.3891639872696895,-3.759739999992751,1
1156,0.39062660200143273,-3.5574211376708664,1
1157,0.3890128501514948,-3.332720967790697,2
1158,0.38463532811712753,-3.0886687220187508,2
1159,0.3780779704869356,-2.8387547346932918,2
1160,0.36982767308084974,-2.5888909065934422,2
1161,0.36017408220454583,-2.3390773597566206,2
1162,0.3494480855784093,-2.0893075597479402,3
1163,0.33783306307166305,-1.8395775230039237,4
1164,0.3254882930290581,-1.589882495715443,4
1165,0.3125511560615776,-1.3402174591422682,4
1166,0.2899666921403588,-1.0912396649730067,4
1167,0.26987847926683217,-0.8420480445208979,4
1168,0.2515683762090869,-0.5927194658821571,3
1169,0.23466895522423115,-0.34329130073159386,3
1170,0.21887006789670022,-0.09379100983153904,2
1171,0.15887921659153298,0.14890447376813845,1
1172,0.10588294365705056,0.3932226987433822,2
1173,0.03829938565814242,0.6190334321132251,2
1174,0.0060554274160337165,0.8140716404770926,2
1175,0.0825824153071118,1.0520708424176006,2
1176,0.1394032686001286,1.2955280062699988,4
1177,0.22436621701777873,1.4008882409739263,4
1178,0.14556844180111875,1.535581238046381,3
1179,0.15157638204864696,1.6616999544873619,4
1180,0.3434737422305725,1.5796311544787784,4
1181,0.4255441220195413,1.5811846128945484,4
1182,0.45316979685835235,1.6455926450080844,5
1183,0.3762625782567951,1.7820938823643457,7
1184,0.39066459042002505,1.848714231666672,6
1185,0.3000430210283543,1.9251212522092636,6
1186,0.2322964177846858,1.9852017072500145,5
1187,0.10670199363483757,2.119477324545028,5
1188,0.06008205813308966,2.365092026087531,4
1189,-0.019056674861724673,2.528695668302472,4
1190,-0.014384762175931123,2.7786520109542563,4
1191,0.03989821861907861,3.022687578025961,4
1192,0.005284949978898397,3.270279826761746,4
1193,-0.05058009539500297,3.5139580914990263,3
1194,-0.05693698906163119,3.7057898273705123,4
1195,1.5308084989341915e-17,-3.75,0
1196,-0.0010765336621430164,-3.5393061273740782,0
1197,-0.07277084793658685,-3.3699737230151747,0
1198,-0.1827871526239585,-3.261693181922907,0
1199,-0.3520631530662195,-3.1973664739885455,0
1200,-0.5004235061369418,-3.0987171238824898,0
1201,-0.6251026252729579,-2.953320212337203,0
1202,-0.791680175072075,-2.7886470568829713,0
1203,1.5308084989341915e-17,-3.75,3
1204,-0.07449875855356553,-3.511358144966191,3
1205,-0.15450333965333163,-3.2745053066824776,3
1206,-0.18917379742682439,-3.101175425265067,0
1207,0.05686822064127799,-4.243446103852772,1
1208,0.1113149060854964,-4.436744325466834,1
1209,0.11578667225909486,-4.585758717644675,1
1210,0.16750176785554272,-4.703392025699623,1
1211,0.21128481470117969,-4.756177391992001,1
1212,0.17717567479480437,-4.764238933667168,1
1213,0.11107646199870932,-4.753041490801128,0
1214,-0.014393745236494226,-4.736533921046949,1
1215,-0.1165389157367227,-4.783687795850016,1
1216,-0.2042283210666621,-4.775059789448468,1
1217,-0.2789189297117789,-4.718233311613268,0
1218,-0.3419443816715539,-4.620039873099081,0
1219,-0.4000266109357611,-4.567367099817826,0
1220,-0.4764818689123353,-4.542135579324057,0
1221,-0.5282896522187596,-4.517922253812922,0
1222,-0.5407304564649414,-4.46162421453233,0
1223,-0.5568955788177798,-4.446466191578241,0
1224,-0.5843776110543242,-4.472411746784392,0
1225,-0.6035311175964471,-4.527243248113946,0
1226,-0.616367932537086,-4.5234209556766505,0
1227,-0.644083071952386,-4.532875835342201,0
1228,-0.6640329186721451,-4.490031536293142,0
1229,-0.6824176232068775,-4.495220561947201,0
1230,-0.6829127267485052,-4.512552424819031,0
1231,-0.6792418314659008,-4.476598043977686,0
1232,-0.6708281794294447,-4.443868322393338,0
1233,-0.667456201673445,-4.472227948385151,0
1234,-0.6605553690778965,-4.445990651223001,0
1235,-0.7405312677925662,-4.413816303256926,0
1236,-0.8048057592546692,-4.335917747399793,0
1237,-0.9188108003937601,-4.241351358154023,0
1238,-1.057026249276361,-4.139461589749356,1
1239,-1.1681968014725925,-4.000798427638856,1
1240,-1.2543676300422928,-3.829142514831882,1
1241,-1.3738897146828164,-3.7286838386070547,1
1242,-1.4657315611085184,-3.5912242213675083,1
1243,-1.5336942893355747,-3.502526201849835,1
1244,-1.5566478495604499,-3.4558428752893326,1
1245,-1.5645963172602046,-3.3625632099884104,1
1246,-1.578893121667835,-3.34895322150457,1
1247,-1.575551946122321,-3.363213693296603,1
1248,-1.5612841489973575,-3.321780212038048,0
1249,-1.5372314377423393,-3.2303278639462953,0
1250,-1.454980222869306,-3.1196081985774216,0
1251,-1.3466477065498066,-3.0054714711940624,0
1252,-1.2426838178974564,-2.9122650570667474,0
1253,-1.1465737700771657,-2.777581868646063,0
1254,-1.009857363307249,-2.6623430350304886,0
1255,-0.8892201335980988,-2.508162070292421,0
1256,-0.8118137733177574,-2.3819279180853137,0
1257,-0.7414535105516761,-2.217698641529277,0
1258,-0.677545050166978,-2.020799766400046,0
1259,-0.6194533114260709,-1.7999925684121223,1
1260,-0.5666483817289573,-1.559277013760207,1
1261,-0.5453841197467741,-1.3836323461862965,1
1262,-0.5519988649283583,-1.3152471526041174,1
1263,-0.549271310556438,-1.18866600421199,2
1264,-0.5270173226808296,-1.1821038295381299,1
1265,-0.49771275894479783,-1.132155463858463,1
1266,-0.4957503570652775,-1.041017718594749,1
1267,-0.4384991088057102,-0.9150820256271047,1
1268,-0.40346464080471134,-0.6675490257020705,1
1269,-0.37258362260770084,-0.41946363170412493,1
1270,-0.3449268565908381,-0.17099813451490048,1
1271,-0.372066655549809,-0.07368966312243806,1
1272,-0.41828845300878476,0.17200027448116306,1
1273,-0.48782433835847305,0.41213515459780714,1
1274,-0.5161204510433517,0.6605286529163514,3
1275,-0.5133462815463897,0.9105132604096972,2
1276,-0.4942392761394428,1.1597820357193593,2
1277,-0.5136676206267853,1.4090259713135502,4
1278,-0.42463234518883,1.6426340185372865,4
1279,-0.3453121278943224,1.8797169220296137,3
1280,-0.27664836656844877,2.120102628511059,3
1281,-0.1671922498522774,2.3448677470535406,3
1282,-0.038202770089771326,2.5590212296556176,3
1283,0.02335945043848723,2.801322886694174,2
1284,0.11500497984332808,3.0339193117314185,2
1285,0.15307712610559415,3.1908782373058675,2
1286,0.2402687817718801,3.2721155198285468,1
1287,0.3053795018343026,3.4160620066065968,1
1288,0.3125676890535357,3.444900402135774,1
1289,0.36052313533604996,3.5620243392031012,0
1290,0.449377948556697,3.6769602866894835,0
1291,0.5066697283150111,3.792806392518577,0
1292,0.5132984063644364,3.8937317860324265,0
1293,0.486128964179104,3.9923531393803495,0
1294,0.4464915593088163,4.020511857772648,0
1295,0.3852981840799755,4.021370080531925,0
1296,0.329196389318152,4.01878667497275,0
1297,0.2807971285288998,4.016109120574008,0
1298,1.5308084989341915e-17,-3.75,2
1299,-0.02536313884712263,-3.553146901810999,2
1300,-0.03429520533402144,-3.373022848254894,2
1301,-0.07226789594567667,-3.2763350465080254,2
1302,-0.05245112265701354,-3.240259464560542,2
1303,-0.02616714703015062,-3.2776774128715234,2
1304,-0.0329266888641069,-3.3559186274649226,2
1305,-0.10971750115478449,-3.443975213246099,2
1306,-0.1727669520218269,-3.4593313071725538,2
1307,-0.1934692663749095,-3.505278246174671,2
1308,-0.18022038472480706,-3.547955663931798,2
1309,-0.17614976515042663,-3.59667496679262,2
1310,-0.172023690398904,-3.649545638506682,2
1311,-0.22604760989923914,-3.6602005414526033,2
1312,-0.24386630222649552,-3.710551503683236,2
1313,-0.240177173995954,-3.7174414952002923,2
1314,-0.2353322285805009,-3.667242238555781,3
1315,-0.2548145927765281,-3.618592709885884,3
1316,-0.31494385465204733,-3.5853252028606315,3
1317,-0.3998119181858356,-3.539573015380331,3
1318,-0.46816387003250026,-3.446466046747879,3
1319,-0.5379365770658907,-3.3675922305897745,3
1320,-0.6276256324663098,-3.3128810750427427,3
1321,-0.7308962695090908,-3.2847931706596656,3
1322,-0.8111366272052312,-3.204735536078312,4
1323,-0.8715852567545865,-3.0820531904971236,4
1324,-0.8594099446740903,-2.974072125269305,4
1325,-0.8421652837135,-2.82669349861771,4
1326,-0.7057678771368078,-2.6757559621221443,2
1327,-0.5084871784353668,-2.5221970941923786,2
1328,-0.2942605722175542,-2.393329095106499,3
1329,-0.06655590410503917,-2.290127427873022,3
1330,0.1804583338800132,-2.2516051455851835,3
1331,0.42888717801352516,-2.2236210536312315,2
1332,0.6220753297603422,-2.135114703831581,2
1333,0.7692318717972934,-1.9993735977101434,2
1334,0.8781779524152714,-1.82747825656161,2
1335,0.9534891854221252,-1.6248388796515947,2
1336,1.0015213703670167,-1.40042172564364,3
1337,1.0759746093349523,-1.1617656651566213,3
1338,1.0673238629716901,-0.9996996653380497,4
1339,1.1540849993471447,-0.827957497402864,4
1340,1.299029753588974,-0.6903481213656563,3
1341,1.3868302910079082,-0.5148405062730476,4
1342,1.5774204837058068,-0.3748693639109155,5
1343,1.6753171066985062,-0.16383077646776084,4
1344,1.7692080829891559,0.0336913115414359,4
1345,1.7854105472732889,0.25223513886316407,3
1346,1.6395158205693328,0.373386691667989,3
1347,1.3936494516320455,0.41866062043050845,3
1348,1.1494158647370847,0.4720455905290446,3
1349,0.9061905991145633,0.5298510415077708,4
1350,0.6680029363866447,0.6057894199748626,3
1351,0.42162781598470045,0.6482075770178964,3
1352,0.18139931166770792,0.7174193225067995,5
1353,-0.03109957207447986,0.8491167955589586,6
1354,-0.2662058714091414,0.934116960342096,5
1355,-0.48864187933125575,1.048231912822799,6
1356,-0.667168264510107,1.223241426264133,5
1357,-0.8039984381208499,1.4324721687224389,5
1358,-0.879391180040136,1.6708331019012883,3
1359,-0.8784615075394668,1.9096811464625183,4
1360,-0.8273870284331699,2.147734677119861,4
1361,-0.745870103152077,2.384071282182887,3
1362,-0.6493378389294789,2.6146824743745465,3
1363,-0.4347189997404625,2.7428961782644157,2
1364,-0.32281342504742755,2.931047172946019,2
1365,-0.25058261309295143,3.14129670494631,2
1366,-0.1707468640981074,3.228296707374684,2
1367,-0.18133481567774778,3.319629394118399,2
1368,-0.1333770031378279,3.3551585470381684,2
1369,-0.10620634538608408,3.4581313982311,3
1370,-0.0822790079416524,3.5063548908718305,2
1371,-0.0689727376131741,3.574557094298706,3
1372,-0.05864271350817694,3.6365905219597283,3
1373,-0.04997988026709817,3.6900412344930698,3
1374,-0.04261398230351121,3.7356977614247415,3
1375,1.5308084989341915e-17,-3.75,2
1376,-0.07575585046274519,-3.556992830297583,2
1377,-0.08387284625787583,-3.4161674520052747,3
1378,-0.02350560934627509,-3.3538686774601842,3
1379,-0.04551096534206375,-3.3222831037390357,3
1380,-0.06013692371419995,-3.354156101176679,3
1381,-0.06413745183589795,-3.402433249693274,3
1382,-0.1019804341387143,-3.4479940042195985,3
1383,-0.1326778520979058,-3.4279537148369483,3
1384,-0.13266038872854874,-3.416234167676525,3
1385,-0.17010587486369827,-3.4424097965679032,3
1386,-0.2223467294517255,-3.4320984472423226,3
1387,-0.2899419508552082,-3.4190149293088448,4
1388,-0.34393296031754134,-3.35039692777523,5
1389,-0.3963648665010677,-3.324691070555244,5
1390,-0.43690679470010524,-3.2463045457913022,5
1391,-0.4313890322558148,-3.196867959130791,5
1392,-0.4337470998186245,-3.136757779161314,5
1393,-0.43205161553173554,-3.0274682993426505,5
1394,-0.4636585102550245,-2.9469853193314908,5
1395,-0.4858182470981451,-2.822497185056162,6
1396,-0.4867089280763669,-2.75706587066035,6
1397,-0.4746097802803532,-2.6860379513827675,5
1398,-0.4604462866063645,-2.567697595681185,5
1399,-0.44451480746918576,-2.408011192239491,5
1400,-0.4089151376879637,-2.319513391011436,5
1401,-0.37620748715900343,-2.1863179367726246,6
1402,-0.3461630412699406,-2.014457326725399,5
1403,-0.23317223979124066,-1.8593654637849693,6
1404,-0.053954744005727,-1.7377330402497513,6
1405,0.08735826606034869,-1.5755935736901319,6
1406,0.2806253668717812,-1.4362435245515794,6
1407,0.4264338821411273,-1.259274589006579,6
1408,0.5312211181427469,-1.0509841038493442,7
1409,0.6010426883921722,-0.8171943957028769,7
1410,0.6432518840016925,-0.5707833898488419,6
1411,0.6621438265779992,-0.3214982228097789,6
1412,0.6389895809367898,-0.07257277029680961,7
1413,0.6147571138254668,0.17625003319535157,6
1414,0.6148794511324781,0.4262500032625164,7
1415,0.6287768954674948,0.67586342646118,7
1416,0.7037299481995778,0.914362985970504,7
1417,0.7417384417729084,1.161456803004209,6
1418,0.8170781634827535,1.3998344998063281,5
1419,0.854417063347117,1.647030386820896,4
1420,0.8943654478099903,1.893818001134918,4
1421,0.9115950781577862,2.143223574124132,4
1422,1.0590278628074898,2.3451234849969063,5
1423,1.1185104949089462,2.5879440287700453,5
1424,1.2431718915241619,2.804645519752327,5
1425,1.152206566709617,3.0375088051396637,5
1426,1.0707543625295566,3.273867723808306,6
1427,0.9586182719795133,3.497307866119737,6
1428,0.8818546778786389,3.7352308591673116,5
1429,0.6902386549968934,3.8958026492643967,5
1430,0.457905689450177,3.973876976287542,5
1431,0.3713385527038772,4.0875181275675105,4
1432,0.2693075190273173,4.236035320849735,5
1433,0.20195207232768775,4.35332415907029,5
1434,0.04633440934172678,4.377063814993253,4
1435,-0.04163067911928717,4.435997644734799,4
1436,-0.05379362111298086,4.499232831151648,4
1437,-0.03837774092525363,4.493646378763113,3
1438,-0.001583563048693934,4.462050057150497,3
1439,0.06513087953623148,4.466845185017891,1
1440,0.1451789497485818,4.4957261655683265,1
1441,0.20926524231140808,4.491147030207069,1
1442,0.2494776552525726,4.596296689047852,0
1443,0.1920361847072367,4.6650969170732,0
1444,0.0832106141789649,4.7610146562976565,0
1445,-0.04300851223607431,4.739281675301774,0
1446,-0.09168140715311719,4.755889391785533,0
1447,-0.11338308397766553,4.765268474020006,0
1448,-0.14629867124144602,4.79162858074082,0
1449,-0.23724781559070354,4.800384558729739,0
1450,-0.3108249186949778,4.768347494508025,0
1451,-0.3314551655033893,4.763067362775742,0
1452,-0.3294064054852557,4.659296348011879,0
1453,-0.3273639879629462,4.543882541885247,0
1454,-0.34497097746823113,4.460786432919864,0
1455,-0.3035803527442835,4.39249168387015,0
1456,-0.2602104000052437,4.334623932771782,0
1457,-0.2220726999178234,4.2853330435325745,0
1458,-0.1893873778541937,4.2433105946614305,0
1459,-0.16149314057158307,4.207479448321239,0
1460,1.5308084989341915e-17,-3.75,1
1461,0.013609927795760672,-3.610235676492791,1
1462,0.08747941521158452,-3.4816061971552243,2
1463,0.1496583594776204,-3.41461129896291,2
1464,0.22086963986728333,-3.361014915524917,2
1465,0.2539144334020838,-3.380408123649812,2
1466,0.2939313516396005,-3.4330515615584742,2
1467,0.3052184735506127,-3.5161368910221196,2
1468,0.30592802428936294,-3.6087028160031136,2
1469,0.34359568569534726,-3.7021544593242415,2
1470,0.39260845348297213,-3.801693181557097,2
1471,0.37829019188119284,-3.8883674057766577,0
1472,0.3692390766206025,-3.936060927194743,0
1473,0.3682039374484317,-3.9756400505078333,0
1474,0.3334418316108025,-4.016819009079658,0
1475,0.2785266988449234,-4.043080666985352,0
1476,0.2008437919865939,-4.073623107264188,0
1477,0.10052443248017902,-4.064588852836844,1
1478,0.014907829336483852,-4.002245630798015,1
1479,-0.057678538518703804,-3.895194039905032,1
1480,-0.14387402268439414,-3.803359979671219,1
1481,-0.21587010017647196,-3.672694043671925,4
1482,-0.3070900690768582,-3.5592275817979044,3
1483,-0.3825536972103718,-3.428671804637732,3
1484,-0.4777978706987705,-3.302594621393103,3
1485,-0.5435617473914355,-3.2228208726505647,3
1486,-0.5940503094238417,-3.1002336992952353,4
1487,-0.6639704281295747,-3.06793321006922,3
1488,-0.7160264545993096,-2.9821412015496565,2
1489,-0.752922608285721,-2.852982554195581,1
1490,-0.7761966187503289,-2.685723897195831,1
1491,-0.7881507468681479,-2.4889078165249305,2
1492,-0.7900624733162991,-2.2667286623220426,1
1493,-0.7838595443564331,-2.0262802509458275,1
1494,-0.7708758878106442,-1.776617629268691,3
1495,-0.6931884798481498,-1.5757776969933623,3
1496,-0.5707973836174295,-1.4149694370157584,2
1497,-0.39955108079352086,-1.3361429264420772,3
1498,-0.21702115111403292,-1.2523335256685977,3
1499,-0.0752975755759544,-1.1149176256563844,3
1500,0.03343318516378002,-0.9387047450637525,3
1501,0.11393838975197043,-0.7305659618207212,3
1502,0.17065863020626587,-0.4967908099783469,3
1503,0.20884579320420893,-0.2497245423856856,3
1504,0.2311029301849324,-0.0007172737098067317,5
1505,0.2409974158531552,0.24908684786019722,6
1506,0.32448036154403037,0.4847361588686837,5
1507,0.45097711583349576,0.7003714323149143,5
1508,0.4461756247908573,0.6718017039025828,5
1509,0.2895284092145093,0.6499948674665371,4
1510,0.07669170788081323,0.6076481348122349,4
1511,-0.10337794305632386,0.615304017972535,3
1512,-0.3416397020239387,0.6910095938151254,2
1513,-0.5914780555279584,0.6999983155485255,1
1514,-0.7938284275062136,0.8468122350529845,1
1515,-0.9131676832742295,1.0664895939972692,0
1516,-1.026226370422385,1.1243159684655166,0
1517,-1.1888808773587394,1.201593798204431,0
1518,-1.3529843056434991,1.3490336413801318,1
1519,-1.3683034442343947,1.5985638479540714,2
1520,-1.3572413045241511,1.8483189861695464,2
1521,-1.2941752451244664,2.0902335829837844,2
1522,-1.2129284307245018,2.3266631817015795,3
1523,-1.2063986492352472,2.5765778910599977,3
1524,-1.1763177810831178,2.82476157580018,3
1525,-1.155718353457408,3.0739114575611257,3
1526,-1.0810661642505806,3.312505360766191,1
1527,-0.9981401236277977,3.548351225234128,1
1528,-0.9150307210408575,3.784132537474182,1
1529,-0.7714108005166825,3.9887622479969447,2
1530,-0.5928771406062917,4.14257693494882,2
1531,-0.4724432834867869,4.282189884133527,2
1532,-0.29015560985928934,4.4268904045600035,2
1533,-0.20442939407005847,4.552121097733492,2
1534,-0.07697618584670199,4.584692642412545,2
1535,0.017418683580086358,4.586875776028089,2
1536,0.09729501884266462,4.563731937577396,2
1537,0.13497042193963515,4.544422255993412,2
1538,0.15111406865626045,4.5189782552753055,2
1539,0.14199767876274824,4.466663010925157,2
1540,0.1529155655948204,4.461165166383252,2
1541,0.17050763216576034,4.451520306836189,1
1542,0.1767358416281905,4.420398080470363,1
1543,0.17871359626444538,4.37415710255162,0
1544,0.1563988033531745,4.321296142721951,0
1545,0.13393441714258694,4.274298729688345,1
1546,0.11428710027980213,4.233948999194709,1
1547,1.5308084989341915e-17,-3.75,1
1548,0.055841669228256514,-3.5665252326771757,1
1549,0.20091973167535662,-3.407811579407894,2
1550,0.3906096805712449,-3.272520508216436,2
1551,0.5922059436266645,-3.142817963739502,3
1552,0.7486658940399042,-3.042274972825323,3
1553,0.9022750299628132,-2.9198970888110716,3
1554,1.1013785554159332,-2.8633661997012805,3
1555,1.3038511500309147,-2.8783869624915592,3
1556,1.4764062814563128,-2.9469043916810786,3
1557,1.6450733094376684,-2.9939025611903793,3
1558,1.7583852044857595,-3.0441154952680307,2
1559,1.9070919813746876,-3.114591801736614,2
1560,2.018156978160019,-3.145999711049515,2
1561,2.1467304366195203,-3.175411255745184,2
1562,2.26117616218995,-3.215499699292371,2
1563,2.340821750518849,-3.196827665830274,1
1564,2.4168040263739066,-3.211686375377959,1
1565,2.450765927495155,-3.2186679267080986,2
1566,2.46145288099774,-3.172174188287983,2
1567,2.4525189568993113,-3.081117437693021,2
1568,2.406755130680427,-3.0128367027037157,2
1569,2.368854458540205,-2.9804960975737576,2
1570,2.2810360638175693,-2.9892832140120342,2
1571,2.1897768771695283,-3.0214723377038357,2
1572,2.1037069436856015,-3.047549268861261,2
1573,1.987734698141502,-3.041623596431046,1
1574,1.9027989863191745,-3.040022815175826,1
1575,1.8411376540023654,-3.082038463195354,3
1576,1.7754609965665709,-3.061902631253811,2
1577,1.7069551066365314,-2.990201405659384,3
1578,1.580824470116521,-2.931371479541015,3
1579,1.4636082834589081,-2.824860253367196,3
1580,1.3450379208015009,-2.788962386453795,3
1581,1.2360308705574692,-2.7025459490198327,3
1582,1.1359439094148462,-2.5715064364926064,3
1583,1.044037526332672,-2.4052619090561462,2
1584,0.9597114976444951,-2.208548615811253,2
1585,0.9961350868254724,-1.961216203557672,2
1586,1.069523584426112,-1.722230579680584,3
1587,1.114987297148204,-1.476399233376816,3
1588,1.1350611431434765,-1.227206455176969,3
1589,1.1344031317504564,-0.9772073211364555,4
1590,1.1186222535380803,-0.7277058905136108,3
1591,1.0906983681214946,-0.4792702718450282,4
1592,1.0531923135607095,-0.23209969133172476,4
1593,1.0082595122431965,0.013829248335328087,4
1594,0.9576828926831976,0.2586598133264728,2
1595,0.9029131348241421,0.5025865925534786,2
1596,0.7795289978074663,0.7200178569398362,2
1597,0.5758341043473774,0.8649605710660834,2
1598,0.3778428443955708,1.017602180670726,0
1599,0.1579748799767168,1.136589903660577,0
1600,-0.07173467292604638,1.2352485135494897,0
1601,-0.29035246912635515,1.3565178797741066,0
1602,-0.5074177503759905,1.4805447465248904,1
1603,-0.7387257009153918,1.5753953238413299,2
1604,-0.8820046403109191,1.7802639293564084,2
1605,-0.8038224026711465,2.0037090382225533,1
1606,-0.6650125105132532,2.211631653248226,1
1607,-0.5345364109184239,2.4248826495753715,0
1608,-0.39389432959843573,2.631570348681975,2
1609,-0.3600407470440501,2.8792676133988735,2
1610,-0.2529909710359769,3.1051887178947157,1
1611,-0.19208393331347273,3.3476558966135466,1
1612,-0.09779384245706242,3.5220742976680555,1
1613,-0.03608419271602881,3.6464668786974928,1
1614,-0.00405272405022835,3.7460285404435707,1
1615,1.5308084989341915e-17,-3.75,2
1616,-0.032072180732158964,-3.5773634168831516,2
1617,-0.07766903312768243,-3.4640336454730014,2
1618,-0.09708382250349937,-3.442355237280084,2
1619,-0.13757045125502507,-3.4890087485091246,2
1620,-0.17019028631334696,-3.4695579091970523,2
1621,-0.2208391456966044,-3.442262425056986,2
1622,-0.18852088455589483,-3.3576403410491307,2
1623,-0.07696612201529414,-3.318345729025357,2
1624,0.06305525870314892,-3.2745640010618304,2
1625,0.20976794412127675,-3.2268335841099325,2
1626,0.38978037658820064,-3.19691898362763,2
1627,0.5365461920760697,-3.116026649210408,1
1628,0.6293155441584567,-3.0581269745163873,1
1629,0.7299505474106355,-3.0016297840797126,1
1630,0.8705154836745356,-2.917979270366966,2
1631,1.0587570536451365,-2.8337326839462142,2
1632,1.2253210822064395,-2.776729521064524,2
1633,1.4475596476947712,-2.6942882272855155,2
1634,1.6156969180848164,-2.566565295439865,3
1635,1.7381911938670411,-2.403070251277567,3
1636,1.9187200812261684,-2.2301271368471984,3
1637,2.0999553142911784,-2.057924377589771,4
1638,2.229618360045733,-1.9208082378460354,4
1639,2.31229476325895,-1.7523260408147179,4
1640,2.362598780493635,-1.6243083040648727,4
1641,2.4230593281513073,-1.522613987361446,4
1642,2.4453728078755015,-1.382900365267565,4
1643,2.434454295441136,-1.2106931317295497,5
1644,2.3975756481696093,-1.0149808429104952,5
1645,2.405858198202552,-0.9126579691054755,5
1646,2.381589894524826,-0.7709839834008809,5
1647,2.4063733566116468,-0.6446966156268977,4
1648,2.5175027104714776,-0.48156783501014433,4
1649,2.5933039297881155,-0.2742281661753651,3
1650,2.6353451609778284,-0.027788447623234958,3
1651,2.7700799033580576,0.1542454976895511,3
1652,2.9181808485686123,0.19438384468356704,2
1653,2.9997970976272326,0.10592793890899191,2
1654,3.013943907755749,0.1005842844157393,0
1655,3.0080880651475854,0.05246889625270605,1
1656,2.9569223034737253,0.07801846074531651,2
1657,2.8727879895919224,0.15806510045220853,4
1658,2.790575771296559,0.21616666511105317,4
1659,2.6822503624614593,0.3241355741377966,4
1660,2.556764232405681,0.4665903748889113,4
1661,2.417787854614577,0.6366461750176187,4
1662,2.365897209329346,0.7993673386846891,3
1663,2.278018668149371,0.9822229763218677,3
1664,2.289278201097826,1.0330602407751028,2
1665,2.290677886470507,1.102517382544546,2
1666,2.304103371604583,1.2952637033674446,2
1667,2.3527673820318467,1.5404815944136225,2
1668,2.386655899823443,1.7881740819094865,2
1669,2.354508566342441,1.9944502031908038,2
1670,2.443481377308182,2.2280820479997994,1
1671,2.52410591870869,2.4647245702225766,1
1672,2.6733244569333383,2.6641577460000327,1
1673,2.6540629040010795,2.832593983757657,1
1674,2.7064218311389805,3.041691452380264,1
1675,2.794811087854514,3.2535349436803074,2
1676,2.87804421915998,3.4892726068847413,2
1677,2.841386815440714,3.6688767185286673,2
1678,2.8063864291597866,3.7356384558021083,2
1679,2.788555991257327,3.8899564927210624,2
1680,2.7859582387973933,4.0565611867504305,2
1681,2.7668325257437623,4.146575837856441,2
1682,2.7034201950547416,4.1836935908493755,2
1683,2.594859285675817,4.114453553257802,3
1684,2.4574313332048656,4.083227938282937,3
1685,2.2829310128569036,4.035262533343485,3
1686,2.1216429876144316,3.9486219292671105,2
1687,2.019301143724863,3.7755490039948683,3
1688,1.5308084989341915e-17,-3.75,1
1689,0.060657243565103505,-3.5542201147215575,1
1690,0.024957857602048827,-3.416591085218717,2
1691,0.048617433910410505,-3.3326573735606893,3
1692,0.08215819338534897,-3.3271493689184806,3
1693,0.14704086963500768,-3.3244203930684564,3
1694,0.2191426802695385,-3.3335224629194826,3
1695,0.2672605211102271,-3.374193570119682,3
1696,0.27467180062938323,-3.431975237539218,3
1697,0.262700939654359,-3.494562666963516,3
1698,0.21720778585716283,-3.571230417436488,3
1699,0.16061294167862245,-3.60932161473588,3
1700,0.06397321848611576,-3.6740706200875115,3
1701,-0.01763706234858782,-3.672769005680757,3
1702,-0.08603394117409863,-3.616016552702493,3
1703,-0.16579486006788915,-3.5847470955781966,3
1704,-0.21059993554374665,-3.5531266898505387,3
1705,-0.2748800779682503,-3.540031679231562,3
1706,-0.3420375724839539,-3.5230369193254174,3
1707,-0.47505385325212784,-3.5321114058217233,3
1708,-0.5070483497697036,-3.5529874759068503,2
1709,-0.5276747183026795,-3.5874044092737183,1
1710,-0.5298056615720105,-3.554153509575044,1
1711,-0.4719911302264673,-3.552596714595674,1
1712,-0.3429390676713033,-3.552652947336854,1
1713,-0.23749373120360967,-3.495242739766588,1
1714,-0.14788950574184634,-3.3891414363070544,1
1715,-0.07216722633786865,-3.243347059423913,1
1716,0.041761772857065976,-3.0909155212026986,0
1717,0.13530889156926046,-2.9059216428102204,1
1718,0.2112729464513688,-2.6956427003547088,2
1719,0.27131101082991205,-2.463652714852794,3
1720,0.31625571640962724,-2.2177259504688567,4
1721,0.3468890371755012,-2.031672138419723,3
1722,0.3675784323148312,-1.8193821318450503,3
1723,0.37954542552815934,-1.5851271073085473,4
1724,0.3922563155414448,-1.4295256292240794,4
1725,0.39708065601825804,-1.240080778155538,4
1726,0.3421354348293913,-1.0694930353553405,4
1727,0.33083957881517667,-0.8527193727927098,4
1728,0.4180882794645366,-0.6184382078754285,5
1729,0.47056384342322366,-0.3740076140717523,5
1730,0.49759924534734845,-0.1254737390309422,5
1731,0.5049721628079417,0.1244175174950101,5
1732,0.4991521329303518,0.37434976281806553,3
1733,0.48329210266749467,0.6238461744957914,3
1734,0.5573393063030823,0.8626285265106541,3
1735,0.661154401248103,1.0900541760349687,1
1736,0.6951565119896697,1.3369541716814521,2
1737,0.7298206666270677,1.5845393012495959,3
1738,0.6837168211094696,1.830251399910792,4
1739,0.6287143383703662,2.074125807941923,4
1740,0.4937068963010197,2.284537287157987,3
1741,0.2930901367755194,2.4337113995149493,2
1742,0.3067627855638946,2.4087261533035664,1
1743,0.19861494605957164,2.302543681622725,1
1744,0.20565311933695157,2.270377491563588,2
1745,0.3502497445821167,2.2866890094850887,2
1746,0.3637517948415624,2.2919883175548574,3
1747,0.3163376922485237,2.251203015655422,3
1748,0.2650171505555572,2.291851063429207,3
1749,0.26528737265803454,2.317749547878701,3
1750,0.29747042398098233,2.361921714785611,3
1751,0.3765849401946364,2.390726458821294,3
1752,0.38080396694583263,2.3485444681222667,3
1753,0.3843945398611491,2.416321714823414,3
1754,0.47949686295971666,2.4408420209491157,2
1755,0.6074356803914758,2.4489493098044517,1
1756,0.7932066907941347,2.50396761374105,1
1757,0.8748433145849871,2.5827245657000595,2
1758,0.9742683190289952,2.662505784850252,2
1759,1.1904871201514102,2.7880025180395487,3
1760,1.2705638546871012,2.9620014860883463,3
1761,1.3389945433137238,3.1660977072827046,2
1762,1.2892630240328709,3.337186428405335,2
1763,1.2722734676913605,3.5866084702847942,2
1764,1.1392019228132182,3.7124517235742625,2
1765,0.9670264038939135,3.8937128354677633,1
1766,0.8440911322352853,4.024656926300749,1
1767,0.671295688155033,4.147374045018251,1
1768,0.5719808928475257,4.235372214564138,0
1769,0.4708500504473042,4.212424286184835,0
1770,0.4166469610420609,4.184295141364425,0
1771,0.3574419847165791,4.1576089391981945,0
1772,0.30509882740503375,4.134467105155935,0
1773,0.2601999498021934,4.114678865821529,1
1774,1.5308084989341915e-17,-3.75,0
1775,0.07111057982812713,-3.510326711049171,0
1776,0.2069920670045384,-3.3004786197003892,1
1777,0.4014789063463028,-3.143396254926839,2
1778,0.6046434812991446,-2.997711130482951,1
1779,0.7911186909253207,-2.83119687825548,1
1780,0.9807566686101159,-2.668293724757394,2
1781,1.1876530805975203,-2.5279588584313872,3
1782,1.383079188074799,-2.372046586572245,3
1783,1.58503177235719,-2.224685961907229,3
1784,1.7948907235762408,-2.088821247602005,3
1785,1.993156156768554,-1.9365359298557943,3
1786,2.1065842143652347,-1.713748866160785,3
1787,2.193359885651357,-1.4792920836339345,3
1788,2.2508761624752935,-1.2359982738065731,4
1789,2.303141982841489,-0.9915227453350131,4
1790,2.4460454864865318,-0.8239599062993427,4
1791,2.5308333260105886,-0.5887769514134862,4
1792,2.635550900014071,-0.36176543255414473,4
1793,2.655156275154662,-0.11253535959825783,4
1794,2.659388020669682,0.1374288224956896,5
1795,2.621796754303954,0.38458645780769224,6
1796,2.5941727973882536,0.6330556047944349,7
1797,2.5601099000637917,0.8807241716854781,8
1798,2.5608440009418465,1.1307230938749564,8
1799,2.5008262156653296,1.3734119181963533,8
1800,2.470698670786066,1.6215899410741819,8
1801,2.4162308033361843,1.865584308663809,8
1802,2.379042190872596,2.1128028498435376,8
1803,2.210349552114496,2.297309743017828,7
1804,2.1300173097291877,2.534051650658508,7
1805,2.0648766648062016,2.7754158907170083,7
1806,1.9486608064220383,2.9967614898601402,7
1807,1.8838040996241205,3.238202181507859,5
1808,1.7124733201335416,3.4202619628961455,4
1809,1.58267994317991,3.633929179143684,4
1810,1.4057921430173208,3.810594699700583,3
1811,1.204421620269999,3.958749728533459,3
1812,0.9923394213746181,4.091117175104359,3
1813,0.8060157488653796,4.257800974745086,2
1814,0.6306633898072795,4.4349818620035055,2
1815,0.4734713079244547,4.536320828081691,0
1816,0.34423943809576424,4.7262830810201075,0
1817,0.21619378212761864,4.759507488529051,1
1818,0.1431845716771259,4.771625546656263,1
1819,0.11798894573531951,4.684407369487307,0
1820,0.06349725133524745,4.619830235061453,0
1821,-0.030317495984469894,4.531362476870677,0
1822,-0.14970316685648483,4.508520456063266,0
1823,-0.2502150008742044,4.433654396323806,0
1824,-0.38649193622646777,4.3649278891597465,0
1825,-0.5237293551010643,4.319408576722343,0
1826,-0.7114350289112141,4.251653113337845,0
1827,-0.8307018118247342,4.17864482343418,0
1828,-0.846212604498606,3.9704393409908803,0
1829,-0.946150193616619,3.991995304666436,0
1830,-0.8511519371201155,4.141771871798388,0
1831,-0.8013949870262296,4.186861307289528,0
1832,-0.7866728160831793,4.189437394768861,0
1833,-0.6856140785797287,4.189155040294376,0
1834,-0.6231085468499223,4.16783977458868,0
1835,-0.5195489528214894,4.139317308667568,0
1836,-0.44987900012082466,4.161569590291845,0
1837,-0.38459119692680854,4.143903105170844,1
1838,-0.3280787170010504,4.1235924281308485,1
1839,-0.3499227416840244,4.141564268613773,1
1840,-0.3710791168359211,4.184905230046588,0
1841,-0.37564979491281375,4.260335920286083,0
1842,-0.4480610057163304,4.330640134074697,0
1843,-0.4807913314085424,4.375253077070923,0
1844,-0.4850481457983393,4.457155313391763,0
1845,-0.43358225215513235,4.571865034455179,0
1846,-0.3088821725010179,4.62704634575055,0
1847,-0.1915882698376008,4.669583973009675,0
1848,-0.0740006007387566,4.6874238253895575,0
1849,-0.01661668350706738,4.675796611741838,0
1850,0.06897919011058573,4.619064618144138,0
1851,0.1854517606781614,4.57512754826654,0
1852,0.2569870227368124,4.656118095004774,0
1853,0.3036582541014039,4.718852602568271,0
1854,0.3176103839468573,4.762200374914533,0
1855,0.33852759738317945,4.780304475767758,0
1856,0.3572007429524616,4.775326175852563,0
1857,0.39825641119011745,4.82972856756094,1
1858,0.5107766051090151,4.829325615195605,1
1859,0.5706357513402551,4.8636594141437675,1
1860,0.3658297739876666,4.82268958615044,1
1861,0.2623847725890047,4.740510253591185,1
1862,0.20151135125883143,4.656085537811109,1
1863,0.192609530561956,4.596596708828303,1
1864,0.18306495192611924,4.535177402651121,0
1865,0.15024507141013937,4.503449743385329,0
1866,0.10759459452996606,4.482496623664706,0
1867,0.13172994039542835,4.467909760757019,0
1868,0.14359087965585898,4.50060699803362,1
1869,0.18284908969750546,4.53109197361575,1
1870,0.20012337539512204,4.517014721470709,1
1871,0.27876016871033704,4.496951751293053,1
1872,0.2848975589771678,4.490435281120107,1
1873,0.3390859983520754,4.452970636927047,1
1874,0.371303451055359,4.392019940298471,1
1875,0.4297485281295309,4.3392715857565705,1
1876,0.41160761253208883,4.326614658080727,1
1877,0.43469657108697396,4.304297228582102,1
1878,0.4290119510413222,4.290904172406868,1
1879,0.42725959183643414,4.291174907839105,1
1880,0.4444510108423584,4.280352311906382,1
1881,0.4098227322898671,4.300006049241313,1
1882,0.40915039567723377,4.305778120041953,1
1883,0.3958607632041065,4.277648435117041,1
1884,0.3874793997574537,4.28188540920609,1
1885,0.3808867395547426,4.308844419386163,2
1886,0.3681027793052123,4.345729589529554,1
1887,0.31631831969312973,4.391744488059368,1
1888,0.24081529815599312,4.43483525863597,1
1889,0.22228859669078602,4.436881466782398,1
1890,0.17818156216815445,4.498668418329773,1
1891,0.10311457937840404,4.5831123093545365,1
1892,0.119621099377698,4.698262365093509,1
1893,0.04401054839334102,4.861711883620388,1
1894,-0.10318474738670895,4.823405307568705,1
1895,-0.25042632384513686,4.689146506512833,1
1896,-0.30345024388001524,4.585012365454494,1
1897,-0.41433569111006935,4.5244277474724095,1
1898,-0.4461390152158483,4.470268867846077,2
1899,-0.47658158998240596,4.516888451707668,0
1900,-0.5662234824755126,4.480431371448699,0
1901,-0.6353370905943798,4.510175690069288,0
1902,-0.7364452901193197,4.429080911660063,2
1903,-0.7431154558504128,4.494509205652273,2
1904,-0.7608527890515033,4.524331833523181,3
1905,-0.6507617136140513,4.579429526298649,3
1906,-0.5984731560459682,4.628608873859299,3
1907,-0.5594447334466283,4.669397314339442,3
1908,-0.48581894166596185,4.667185483004429,3
1909,-0.4380878193160799,4.664308094866888,3
1910,-0.3844675476434433,4.624000465945614,3
1911,-0.34822097705428695,4.5997923247996795,3
1912,-0.2891738383453068,4.566982075538264,3
1913,-0.32037384567243815,4.618366747327742,3
1914,-0.2519422891861133,4.705952295737633,1
1915,-0.15324016794151618,4.696484749004092,0
1916,-0.042194560338126866,4.720457249966219,0
1917,0.08419451768440321,4.762078310976049,0
1918,0.17378020971627423,4.690913432615902,0
1919,0.2771582032882622,4.664401917861657,0
1920,0.317691997993086,4.613362812640693,0
1921,0.3041106786569199,4.560331975635318,0
1922,0.323045963825483,4.496902154195375,1
1923,0.29412584355429994,4.501990245370344,1
1924,0.30819457949922807,4.498734867322163,1
1925,0.3137449087921023,4.480727012489238,1
1926,0.31044256974787965,4.473378214925861,1
1927,0.2805201446922852,4.453977250616646,1
1928,0.24803475149884036,4.420325438637812,1
1929,0.21276276824790258,4.363174458393807,0
1930,0.19707281692338482,4.342072479523011,1
1931,0.20299056218341446,4.368721000594191,1
1932,0.1721172818408477,4.432500751925797,1
1933,0.1872961690796554,4.502968030439739,1
1934,0.24077730688623983,4.545665589343242,0
1935,0.28316445922325345,4.543323265709124,0
1936,0.18248908963965044,4.529126307165619,0
1937,0.11487506815932916,4.557623533491666,0
1938,0.06954624849518659,4.605747646427888,0
1939,-0.026976872925715448,4.608539186276969,0
1940,-0.049287586952795656,4.5558848140774675,0
1941,-0.06886326559024462,4.489974100611524,0
1942,-0.095580862514852,4.482912267630441,0
1943,-0.11688823622700321,4.425091026174909,1
1944,-0.10473679647849479,4.364387544724339,1
1945,-0.090033826171939,4.310993818046763,1
1946,-0.08806519043960814,4.322450424917312,1
1947,-0.08449971807006265,4.325029821250082,1
1948,-0.03866827350433666,4.33026505327695,0
1949,-0.030561787170591513,4.384040029170959,0
1950,0.009620235275840744,4.447167637357932,0
1951,-0.012619245896132267,4.516409711064588,0
1952,-0.08132142812160785,4.609940573579845,0
1953,-0.241651705439686,4.641119657629938,0
1954,-0.30068888907775426,4.697598202993962,0
1955,-0.36149115314649505,4.657057272667213,0
1956,-0.4765110813905453,4.612747211601161,0
1957,-0.6117283597618156,4.534918133082536,0
1958,-0.6591084060419762,4.556293121503163,0
1959,-0.7658395172927702,4.493830863785452,0
1960,-0.791600132539541,4.483925198010606,0
1961,-0.7674517176819624,4.564064192550238,0
1962,-0.7277784612579787,4.5539217867192505,0
1963,-0.6915244542636316,4.588357939251708,0
1964,-0.5938607926865146,4.610442051769842,0
1965,-0.5242966815374789,4.616086743443873,0
1966,-0.43470374177399784,4.523474144692173,0
1967,-0.35580226292821954,4.430691099559208,0
1968,-0.30126117903848193,4.365012076289518,0
1969,-0.2565783086159751,4.310932025964338,2
1970,-0.19904312207916902,4.301038646791181,2
1971,-0.1398564538898222,4.297839539831871,1
1972,-0.10729010498341655,4.296999835443182,2
1973,-0.04699816893693126,4.307220613438732,2
1974,0.005972436151321939,4.354131022104273,1
1975,0.10269050688025773,4.396448123053167,1
1976,0.24601292724424878,4.420658050934856,1
1977,0.36020729449213895,4.425838806728266,1
1978,0.43382115810697697,4.411634109746716,1
1979,0.4970061741279612,4.453699697122687,1
1980,0.5561281790213897,4.5250067239296,1
1981,0.5030001293462736,4.525963483896298,1
1982,0.44042481540379724,4.480243322082482,1
1983,0.39312113342358224,4.439907958124822,1
1984,0.3230092312995316,4.41138694442965,1
1985,0.2725370193312773,4.35899863727312,1
1986,0.23197635512530168,4.307300327228996,1
1987,0.19774521026513223,4.262211346923312,1
1988,0.16860735194690477,4.223620234867659,1
1989,1.5308084989341915e-17,-3.75,1
1990,0.05549183260442218,-3.5186723204562202,2
1991,0.11705693919021683,-3.3552481274630583,2
1992,0.16381348606385743,-3.2766366787724186,2
1993,0.19153932701025328,-3.24255243408205,2
1994,0.2133483452964671,-3.178362891031232,2
1995,0.19216435943947596,-3.169315206719546,2
1996,0.27995665670418357,-3.14412051079154,2
1997,0.34837700864167354,-3.142463416668453,0
1998,0.4436153162872544,-3.164619005531153,0
1999,0.5636949962956952,-3.219030407807425,1
2000,0.6260155231749809,-3.2842198704893324,1
2001,0.7214550428450509,-3.369746035446612,1
2002,0.8352685362234445,-3.4747760827986984,1
2003,0.9488142538113898,-3.4782416081871084,0
2004,1.1118592249434456,-3.4069368880725532,0
2005,1.238872025010612,-3.2899614142615743,0
2006,1.3603440856678686,-3.23103897487616,0
2007,1.4508215600774397,-3.125740156157284,0
2008,1.6149574629632588,-3.011937957494584,0
2009,1.7366854644234433,-2.859444018190852,1
2010,1.8224406717627333,-2.6763406535185297,3
2011,1.877828538059494,-2.469545908601752,4
2012,1.9580322832585915,-2.3159378360296827,5
2013,2.0057156333791806,-2.1336015826883337,4
2014,2.0244968603071762,-1.9265783553011162,4
2015,2.017878492583449,-1.6987156697264405,5
2016,2.0482091696000047,-1.5015250798904125,5
2017,2.048202336350883,-1.2828191026060172,6
2018,2.0198279316951893,-1.2170276807314386,6
2019,1.855304856127839,-1.1782165116627321,6
2020,1.704484842453563,-1.082248567063194,6
2021,1.56596055715853,-0.9379842373919943,6
2022,1.4387234670523035,-0.7590534262240302,6
2023,1.3215225908922967,-0.5516844069745247,4
2024,1.215012408674017,-0.3255084111574865,4
2025,1.1210408377430587,-0.09384196158662647,3
2026,1.0358063632242938,0.14117949350526504,3
2027,0.9573986638786393,0.3785657455994448,3
2028,0.884189350353623,0.6176063204255522,5
2029,0.876195382086822,0.867478480682251,8
2030,0.8751938269978397,1.1174764744490084,6
2031,0.845441895412704,1.3656998064848052,3
2032,0.8082260014674839,1.6129142422240195,3
2033,0.8117969242577957,1.7586244648336642,3
2034,0.6410444009718395,1.941226698641137,2
2035,0.4978742589513524,2.146171350764176,2
2036,0.360148914300343,2.354813938556699,3
2037,0.2387317166180523,2.573349665857705,2
2038,0.0907393528960101,2.7748397655647694,2
2039,-0.13727075648932038,2.8773648357578185,3
2040,-0.3325941650977704,3.009051014276341,3
2041,-0.4446868157179909,3.2325129521470513,2
2042,-0.5934732281189743,3.3562308457362935,2
2043,-0.6481999618419193,3.469948763513147,2
2044,-0.7270905482374052,3.4979417609647028,2
2045,1.5308084989341915e-17,-3.75,2
2046,-0.05724547466439153,-3.556767534077669,2
2047,-0.06947908400414263,-3.4092554357168208,2
2048,-0.09647817853980609,-3.291606762435566,2
2049,-0.057193473514725535,-3.211945920207898,2
2050,-0.02496724073381408,-3.2272396591115533,2
2051,-0.023097808143427285,-3.2150683586372923,2
2052,-0.12256811072315416,-3.244888312899533,2
2053,-0.17725853207735925,-3.289775018701529,2
2054,-0.18228886623738913,-3.327545305586423,2
2055,-0.19801483201705922,-3.384887013899835,2
2056,-0.17722404902796196,-3.4407850108974642,2
2057,-0.14401323516828174,-3.466234197036247,2
2058,-0.16730721755511527,-3.506019885645183,2
2059,-0.16385159660128396,-3.5451006474253552,2
2060,-0.18538947035469416,-3.5579572975373974,2
2061,-0.21850602328340732,-3.583597955880416,2
2062,-0.2881558572217177,-3.6209059465635454,1
2063,-0.31791090591873,-3.6163461997768027,1
2064,-0.3405822995317689,-3.557268494119731,1
2065,-0.357140867921756,-3.452843834775625,2
2066,-0.38978540388027183,-3.40269222318838,2
2067,-0.43117478433758905,-3.3922403637841776,3
2068,-0.46225558137623235,-3.326021288009894,2
2069,-0.5078161804616963,-3.288390577937788,3
2070,-0.5234421929406484,-3.258332257620938,3
2071,-0.5323939962782096,-3.2172212585491637,2
2072,-0.48988644342805765,-3.1572334530857917,2
2073,-0.4259999876458189,-3.109286260772586,2
2074,-0.3418921600140485,-3.065158445403883,2
2075,-0.2204537492410707,-2.989093178915972,1
2076,-0.05871175457542038,-2.930094732015628,2
2077,0.11450751425039984,-2.9235191365080886,2
2078,0.3185127214813362,-2.918735377599271,1
2079,0.48397661971854716,-2.8568736855966566,2
2080,0.6145354289261749,-2.744462151069096,2
2081,0.7462030713093386,-2.6842503908336295,3
2082,0.8468264233214564,-2.57474706436578,3
2083,0.9212215034617952,-2.426036498745034,3
2084,0.9721671170123729,-2.243254988283723,3
2085,1.0037090311930983,-2.0347979949432218,3
2086,1.0181239851858905,-1.8046410208170696,3
2087,1.0176010590457332,-1.5565318455855226,3
2088,1.0048810808449828,-1.30685565097624,3
2089,0.9832409551250026,-1.0577940020641212,3
2090,0.9543739126087014,-0.8094662068893521,3
2091,0.9197316614882861,-0.5618780116188382,2
2092,0.8805434334296012,-0.31496854889693177,1
2093,0.8378373768988027,-0.0686431690929249,1
2094,0.7924622322654667,0.17720454037271938,0
2095,0.7851805438494704,0.42709847189930195,0
2096,0.7767449691826368,0.6769561135275705,1
2097,0.7932838921827539,0.926408441690681,2
2098,0.875218311667929,1.1626006322974565,5
2099,0.900109481341249,1.4113584053866486,2
2100,0.8657666156716014,1.6589883057977188,3
2101,0.8390779749968212,1.907559656638745,3
2102,0.8142260110514778,2.1563213496062503,3
2103,0.7662990870029649,2.4016843662800107,3
2104,0.7155939199057755,2.6464883409814974,3
2105,0.6370934166170025,2.883843920194225,3
2106,0.5650873786534206,3.1232497064584406,3
2107,0.4939171907012729,3.362905301733944,3
2108,0.33227425972117175,3.553618601910314,3
2109,0.1801802733831389,3.707037187990479,3
2110,-0.011625489096866393,3.859148384529356,2
2111,1.5308084989341915e-17,-3.75,2
2112,0.006424455562296474,-3.5509960917919727,3
2113,-0.009664143167901955,-3.357311180811963,3
2114,0.09687209234118374,-3.224050012609204,3
2115,0.1373511321881621,-3.1799693671618727,3
2116,0.26637713645357464,-3.168603356986186,3
2117,0.4053475750024897,-3.1843997751861712,3
2118,0.5561740474722185,-3.1753637559372043,3
2119,0.6706286359461626,-3.24701544486194,3
2120,0.7746427302478153,-3.3704895331343465,3
2121,0.8551605417942735,-3.4158933123191595,3
2122,0.9154966527974644,-3.39597279468111,3
2123,1.0123666083781044,-3.4113072586298454,2
2124,1.1272281555047248,-3.4043180643511395,2
2125,1.240459052849902,-3.3578660003784777,2
2126,1.3436308529380057,-3.3425589222809853,3
2127,1.438936886396681,-3.3976147011310314,3
2128,1.5784089950207458,-3.45252997648758,3
2129,1.6840355435470764,-3.4445830712423433,3
2130,1.7894884911274171,-3.471947798919,3
2131,1.8534623831166774,-3.5932649493052367,1
2132,1.916272276448524,-3.666821090885944,1
2133,2.0020284289973493,-3.7456124928686743,0
2134,2.0941845032500943,-3.815296384298286,0
2135,2.1594079021798676,-3.893342782489883,0
2136,2.2291348287872594,-3.9703334718499583,0
2137,2.2762308165028413,-4.027957037588743,0
2138,2.347592658412964,-4.122010845088815,0
2139,2.3948262446185655,-4.154319593972404,0
2140,2.4210451800464745,-4.1333823380344485,0
2141,2.4290507686614093,-4.066820965752379,0
2142,2.4213591781445274,-3.9614579748863785,0
2143,2.3993475129409383,-3.8209674941127783,0
2144,2.365259483954759,-3.6514052946403637,0
2145,2.3203060896680485,-3.455966907295946,0
2146,2.2244639722223174,-3.301041292755806,2
2147,2.1278055772525653,-3.1180007075668934,2
2148,2.0307681620774547,-2.91029253151821,2
2149,1.9341722823005045,-2.683676245636529,1
2150,1.8423567475889708,-2.4511468763395836,1
2151,1.7557508123716927,-2.2166273420036555,1
2152,1.673531892993136,-1.9805340356685914,1
2153,1.6923466388299442,-1.7382776460157132,1
2154,1.7265315801813195,-1.4906258949926223,1
2155,1.7478015898106183,-1.2415323649875867,2
2156,1.7421721664142085,-0.9915957538394319,2
2157,1.813218310065458,-0.7519033562288986,2
2158,1.8375849987392467,-0.5030936609132324,2
2159,1.9471352218474989,-0.2783743946788212,3
2160,2.0650568025998925,-0.057932790636261444,3
2161,2.032978810437462,0.1385147285971688,3
2162,1.8801788794256062,0.26681196773961574,3
2163,1.6777557613092045,0.31942146761312734,4
2164,1.4908362990479247,0.3592359348215691,3
2165,1.3288747613491068,0.4668242892261565,4
2166,1.2192912049795046,0.5206155723760542,4
2167,1.1483813083911751,0.5855823526525719,4
2168,0.99654015164875,0.6871733654563078,4
2169,0.8860954011434733,0.7466273361187572,4
2170,0.9441614702481063,0.7924901637522855,3
2171,1.095060811058255,0.7482756592712531,4
2172,1.2011544864233192,0.7525772408426965,4
2173,1.4341454049719915,0.7685238355605482,6
2174,1.683116718979238,0.7911796251408092,6
2175,1.9263779861716626,0.7335258665128077,6
2176,2.0171040408032956,0.6276409968024923,6
2177,2.1481580556908337,0.47526305394161944,6
2178,2.26886143313401,0.43282193750280606,6
2179,2.3218946025410157,0.4267731075429855,6
2180,2.3949683536645963,0.4668924467928284,8
2181,2.453768316511037,0.5611436360414588,8
2182,2.572901065042163,0.7809330539564701,6
2183,2.705191881230342,0.9780635054509261,6
2184,2.8556875929002343,1.1530667753159658,6
2185,2.9706660172575816,1.3750576803825962,5
2186,3.12591606509696,1.571010283442292,4
2187,3.3216099773004806,1.7265862864970072,4
2188,3.509803293081625,1.8911562591387334,3
2189,3.7016981549517958,2.0513947126629364,3
2190,3.9281434013035685,2.15733125217922,1
2191,4.141209771188573,2.288108627990276,1
2192,4.309324663237225,2.4731420927242804,1
2193,4.513939657517937,2.6167829786708126,1
2194,4.700647492453055,2.7243555665486783,1
2195,4.766644726146156,2.824351530244347,1
2196,4.8344858463474,2.9554430931240763,1
2197,4.90218853474012,3.1066594964253245,1
2198,4.989337172646844,3.2591564008333926,0
2199,5.018235543564408,3.341749522666727,0
2200,5.132030903595418,3.3928471850244235,0
2201,5.278062739666639,3.4392613226994335,0
2202,5.369583488452037,3.4926778496049176,0
2203,5.278869082177808,3.6689891248686424,0
2204,5.1358058134395765,3.8075605146010485,0
2205,4.954980361594478,3.9155130844229817,0
2206,4.743137331533001,3.9972593098187756,0
2207,4.506444050291076,4.056908020372523,0
2208,4.259961118612454,4.098695152256772,0
2209,4.011399476074737,4.125474059235069,0
2210,3.7618585019757975,4.140616788373254,0
2211,3.5119392760045574,4.146971352869437,0
2212,3.261939295404776,4.146872863738036,0
2213,3.011983249286332,4.142185112802443,0
2214,2.762094346965865,4.134732831469043,0
2215,2.512271885952414,4.125312747967152,0
2216,2.262503994409204,4.1145424019161005,0
2217,2.0127759517366046,4.102884584671335,0
2218,1.7630744689635343,4.0906710880004375,0
2219,1.5133894335555345,4.0781258461412335,0
2220,1.2835498222776625,4.066456556556172,0
2221,1.0642747729032065,4.05522487311172,0
2222,0.8499074007114393,4.044160533504875,0
2223,0.6899713818003399,4.035881421094988,0
2224,0.5621713097433356,4.029261139569832,0
2225,0.4756130620425171,4.024768664115974,0
2226,0.40501523389018235,4.0211030034918425,0
2227,0.3452766036496121,4.018000954467357,0
2228,0.29440373790072527,4.015359244692593,0
2229,1.5308084989341915e-17,-3.75,1
2230,-0.03252490302043623,-3.502124767910323,1
2231,-0.13171898845754226,-3.2726459379187616,1
2232,-0.27741156617862067,-3.069486707764216,1
2233,-0.44937868115704377,-2.9218120794357194,1
2234,-0.5794820965860233,-2.819114791498852,1
2235,-0.7452405799231282,-2.7651568649979685,0
2236,-0.9597257075124308,-2.7507744955415285,0
2237,-1.1259559023563934,-2.6780439809706413,1
2238,-1.3190525752924578,-2.660891920592036,1
2239,-1.4645871968942483,-2.5867163030349225,1
2240,-1.5700163475794864,-2.4667080157680337,1
2241,-1.6466111169916733,-2.4183939937635794,1
2242,-1.744025962178531,-2.3607056004804594,2
2243,-1.9060751956427304,-2.3315185420691416,3
2244,-2.033017892591746,-2.3740818373151056,2
2245,-2.1181392277250755,-2.3512018893747477,2
2246,-2.1683836500752807,-2.2751584610181923,3
2247,-2.189730249349911,-2.156447259962131,3
2248,-2.18547579639733,-2.000492924789196,3
2249,-2.1606241584490786,-1.8160428149572079,4
2250,-2.1178223133763043,-1.607326706515592,5
2251,-2.125176567520913,-1.3574349000353145,6
2252,-2.106903004765474,-1.108103640654901,6
2253,-2.06765154753282,-0.8612042216496851,6
2254,-2.1235768747230312,-0.6175397848135563,6
2255,-2.1320908551606,-0.36768480259965547,6
2256,-2.1058448356043353,-0.11906632690355567,6
2257,-2.052076346672882,0.12508311421402746,6
2258,-1.977214457645335,0.36361130452122625,6
2259,-1.8866043890357536,0.5966130544429102,6
2260,-1.7845169855005867,0.8248194567182363,7
2261,-1.6581540082864952,1.0405331512060714,6
2262,-1.5098591605299054,1.2418007296404776,4
2263,-1.398743955140293,1.4657503023822542,4
2264,-1.2572254746443297,1.6718389233153705,4
2265,-1.126494373462908,1.8849336890509298,4
2266,-0.9873100618997559,2.0926058523629427,4
2267,-0.8619312032522778,2.3047781830590184,3
2268,-0.7455821735536536,2.5187186750893282,2
2269,-0.6347765259296174,2.732659413580927,2
2270,-0.5271219083654555,2.9456466844636635,2
2271,-0.382133335417201,3.0682173989235144,2
2272,-0.27994218625478046,3.102784560866341,2
2273,-0.1207494150483856,3.1988379514410377,2
2274,0.00013871269371065753,3.0439046881140026,2
2275,0.09746442327852359,3.0473790534218894,2
2276,0.12984478098871308,3.1388933704664113,2
2277,0.19666089379263324,3.25317973813809,2
2278,0.33152521466545404,3.3463333124915167,2
2279,0.4712232892181155,3.401078203452335,2
2280,0.5370193191139121,3.5540935032348973,2
2281,0.5766306579315174,3.656693326248792,2
2282,0.4887041684006415,3.755050979246253,1
2283,0.41628699288442417,3.797985326949284,1
2284,0.3549035649139087,3.828733713601903,1
2285,0.30261481095771864,3.8541133349161405,1
2286,0.2580360950623215,3.875634166637383,1
2287,1.5308084989341915e-17,-3.75,3
2288,-0.02186539269496906,-3.558077202599746,4
2289,-0.006787774335223916,-3.424873456538541,4
2290,0.029764824507548943,-3.3121304209272417,4
2291,0.086657667481674,-3.2772954035757866,4
2292,0.18255855788875272,-3.2810193636448903,4
2293,0.28777984765924014,-3.2667388817835046,4
2294,0.4011155246295718,-3.272108088516646,4
2295,0.5152053051920008,-3.281088350326005,4
2296,0.5954143135475373,-3.2977636815564098,4
2297,0.7183870758197117,-3.2599505117275576,4
2298,0.8697295910872216,-3.251921274511163,5
2299,0.9888923778199425,-3.1888128868479066,5
2300,1.1318204326237082,-3.117475648513729,5
2301,1.241936222728349,-3.0027311022266736,4
2302,1.3222716573427218,-2.8495377445968924,4
2303,1.3773888761485664,-2.6659410457657526,4
2304,1.4850581977189452,-2.549109722703719,5
2305,1.559421940570639,-2.3946550713475223,5
2306,1.6433680597061493,-2.2739611865037364,5
2307,1.6949350595898567,-2.1152566049040122,4
2308,1.7198934211025863,-1.9274644177164242,5
2309,1.762768728112781,-1.7975683057168612,5
2310,1.8032704917625044,-1.6998373766066557,5
2311,1.8717171027038362,-1.6423037232276596,5
2312,1.9036834895217862,-1.5315913973711193,5
2313,1.9066412194620237,-1.3804211980575567,5
2314,1.886792778550857,-1.1992493856640607,5
2315,1.8473977386835587,-0.9929755244625227,5
2316,1.7915202778695158,-0.7661611703767974,5
2317,1.7228049176750422,-0.5257902085836895,4
2318,1.6482061631865912,-0.2871795930847729,5
2319,1.5689780611588935,-0.050065890720087325,5
2320,1.4861647360462291,0.18581957552101905,5
2321,1.4006257122003936,0.42073035730742736,5
2322,1.2704868975516128,0.4451586376633211,5
2323,1.151648320356633,0.5506123006962689,5
2324,1.0433422512517971,0.7075904410655065,7
2325,0.9436295442549332,0.9035023383976621,7
2326,0.8508002972987796,1.1276411001192375,7
2327,0.7663237942911156,1.3629360648753837,6
2328,0.6881348865472992,1.600394471140205,6
2329,0.614282247294041,1.839237071350737,6
2330,0.5432599546303396,2.078936537234146,7
2331,0.5313052629163014,2.3286505443423224,5
2332,0.6672097512112272,2.538483740146262,5
2333,0.751146623521874,2.773971747201199,5
2334,0.8081592384895647,3.0173840758424286,5
2335,0.8744327925150456,3.2584397043534254,5
2336,0.6709258854079304,3.403646242634923,6
2337,0.6769589700322559,3.536508151705333,5
2338,0.47067045139331254,3.6544497010068864,6
2339,0.4965228957194102,3.7442492754252417,6
2340,0.5246154324908034,3.7302498499483763,6
2341,0.6702652251239093,3.775862304952221,6
2342,0.657069908154495,4.025513829301817,5
2343,0.6505630478793917,4.227594056946078,5
2344,1.5308084989341915e-17,-3.75,3
2345,0.017352584021967772,-3.5093136749635367,3
2346,-0.03235255863135624,-3.345711624201167,3
2347,-0.05727474095572935,-3.303561537832394,3
2348,-0.017177856885856053,-3.2980885782791596,3
2349,-0.02670634829113159,-3.3327365689956667,3
2350,-0.05514858773083601,-3.3961072854022367,3
2351,-0.02490817221802795,-3.4734797804790283,4
2352,-0.03009537832969821,-3.5610298476156013,4
2353,-0.03423193946019542,-3.5796958426395316,4
2354,-0.037456218146561825,-3.540386585192521,4
2355,-0.051816485458684815,-3.5192742063608238,3
2356,-0.07010801193111327,-3.5179713381433437,3
2357,-0.15120268330955003,-3.485888517797645,3
2358,-0.2175101941754266,-3.400937637079858,3
2359,-0.32624312872533034,-3.3618833863325963,3
2360,-0.41418577306673376,-3.272098202764236,3
2361,-0.5363501304750764,-3.194078307456289,3
2362,-0.6512376973775469,-3.1215177211033924,2
2363,-0.8117689933749479,-3.0594730478840964,3
2364,-0.9346687759037087,-3.0065680009870683,3
2365,-1.0366698128437322,-2.927174056822157,3
2366,-1.238564307710945,-2.856974985147925,4
2367,-1.4343934012197948,-2.8286883200005604,4
2368,-1.583757003888647,-2.7482115650769456,4
2369,-1.6808855109057803,-2.671861238280662,4
2370,-1.7448802578902294,-2.5493086590904013,4
2371,-1.8281235332244345,-2.440884013581641,3
2372,-1.879461676280369,-2.2942649152018033,3
2373,-1.876149884644967,-2.1376388205051096,2
2374,-1.9326533671839536,-2.060153407142363,3
2375,-1.9549139222614558,-1.9687903583676267,2
2376,-1.8898696371890622,-1.8856667917121264,0
2377,-1.838166437799848,-1.8333199828950295,0
2378,-1.7232644249755307,-1.8424123095282785,1
2379,-1.532906853615852,-1.8917930721748903,1
2380,-1.3650445267124691,-1.8684069470874283,2
2381,-1.2168775427161993,-1.7873451538621279,2
2382,-1.0864168016913225,-1.656476722975202,2
2383,-0.9713724370841287,-1.4880318374077481,2
2384,-0.8700655646685246,-1.2879138155656393,2
2385,-0.7808781846479499,-1.0616337767028938,2
2386,-0.7038199456891167,-0.8238060495376969,2
2387,-0.6384199733010599,-0.5825119476378754,2
2388,-0.5823700569950929,-0.33887613975632835,2
2389,-0.5336582678120344,-0.09366773534370373,2
2390,-0.49057564614704896,0.15259206184307159,2
2391,-0.451703592775315,0.3995514987282918,3
2392,-0.4155643723189712,0.6469256217581831,2
2393,-0.38146452589583996,0.894589104076265,2
2394,-0.34884214616155035,1.1424515262795345,1
2395,-0.2200703985833563,1.356736003145354,2
2396,0.0035396288660918818,1.4685329423881481,2
2397,0.044830843887595756,1.672164578886,1
2398,0.05579265649530542,1.9219241405935619,1
2399,0.0713479386157553,2.0300606812677913,1
2400,0.07299436074926745,2.218466481662384,2
2401,0.17783033392470243,2.445423347009876,2
2402,0.10226903039536148,2.683730899154047,2
2403,0.10185264814359782,2.9337305524054473,2
2404,0.09896430846801417,3.183713866836468,2
2405,0.09037884220122085,3.4335664028831965,2
2406,0.0996539023170751,3.5720849727817434,2
2407,0.08923558310062012,3.67681305552008,2
2408,0.10017811076695309,3.7668416584617526,0
2409,1.5308084989341915e-17,-3.75,3
2410,0.07749134482068892,-3.5442593621655925,3
2411,0.14939427752986895,-3.4115768870676715,3
2412,0.24152292330488473,-3.335935262375134,3
2413,0.3153636980060621,-3.3117571841067344,3
2414,0.36467946881401425,-3.3150909863318354,3
2415,0.3146821485267641,-3.345519138500527,3
2416,0.2475574042400867,-3.4107369514518693,3
2417,0.1897650752681082,-3.4073458972842037,2
2418,0.14767030056355876,-3.4215890420570245,2
2419,0.1257735602478734,-3.4282317333112267,2
2420,0.10656997426426261,-3.3759579874306667,2
2421,0.06523813579522657,-3.3729652656159397,2
2422,0.030332875978148294,-3.3131040432436967,2
2423,0.011852339070395193,-3.2845249557574716,2
2424,0.04299805725037814,-3.266236878685051,2
2425,0.0425883749490607,-3.256423205068445,2
2426,0.010811297631515074,-3.2679869034202556,3
2427,-0.008089127254553598,-3.3289474563729238,3
2428,-0.02375496177228655,-3.322651522279844,2
2429,-0.026058839358482837,-3.313041344712153,2
2430,-0.027772850276509428,-3.2481405213780734,3
2431,-0.028982603688110665,-3.137733087693549,4
2432,-0.0655393991977101,-3.0279233331643756,4
2433,-0.09511876524496987,-2.8785857579994025,3
2434,-0.1560396336631123,-2.774231916603019,3
2435,-0.20430959571606833,-2.6279150766399724,2
2436,-0.24182547106012342,-2.4487008763610927,3
2437,-0.24698735780831596,-2.380511664582807,3
2438,-0.2487277885412936,-2.263090555600861,4
2439,-0.22229989240332437,-2.2402081209173854,4
2440,-0.19889405639509733,-2.1555861397557714,5
2441,-0.10381920494817265,-2.070389458571973,6
2442,0.010240293571912001,-2.041579727678554,5
2443,0.12583473900963238,-2.103410516295224,4
2444,0.21651106368397,-2.0876804625426586,3
2445,0.28638569059028146,-2.0103770287839593,2
2446,0.3389570467793169,-1.884882756059483,2
2447,0.37628416767357187,-1.7180006961394947,2
2448,0.40121053631288783,-1.5205697375402043,2
2449,0.41536269185199326,-1.2976321058497398,3
2450,0.432504927309946,-1.1353873991293628,3
2451,0.5162656184881375,-1.0083480652443892,3
2452,0.6391191130371158,-0.8902234584893243,4
2453,0.7602365574073526,-0.8480137098796243,4
2454,0.9254833168647815,-0.8996130590609546,3
2455,1.0738754392187848,-0.9281942624941864,4
2456,1.1586887876393974,-0.9982451978382356,3
2457,1.3524268616927755,-1.0343378673812993,3
2458,1.591684751447771,-1.106833813405794,3
2459,1.7511028689399621,-1.090213057232183,3
2460,1.9143451961746014,-1.1047480738201008,3
2461,2.0035573446297885,-1.1164009831677713,3
2462,2.000267535657253,-1.103841295897534,2
2463,1.8823299514289134,-1.089980075068127,2
2464,1.682642688773063,-1.0581771964746816,3
2465,1.497982715557591,-1.0433104770759036,4
2466,1.3485954445395543,-1.0469479381094877,4
2467,1.2636232941911503,-1.0949374893487966,3
2468,1.2717753037862443,-1.1246400581227725,3
2469,1.1795062734050943,-1.2092331654248047,3
2470,1.099914132169597,-1.2454459303739303,3
2471,1.0439987139132967,-1.2478946645566773,3
2472,0.9452769892250324,-1.2672818798499037,3
2473,0.9563898967038227,-1.3319661410761598,3
2474,0.9349738429517127,-1.3631409614469474,3
2475,0.9455064777108322,-1.3944611572750547,3
2476,0.9665723601464253,-1.4154034095692305,3
2477,1.0249966444667704,-1.399438079110662,3
2478,1.0905685431835437,-1.4197491538397282,3
2479,1.1858168643036116,-1.4656631063848198,3
2480,1.3095924103517764,-1.4925873908059182,3
2481,1.5221443352100335,-1.5611567516150746,3
2482,1.7713820240323703,-1.5806650695974114,3
2483,2.020615781012703,-1.6002235557726932,2
2484,2.267267865183789,-1.5594467317906888,3
2485,2.5000306809141524,-1.4682246313255445,2
2486,2.714933862244823,-1.3404880952289489,1
2487,2.906465956329118,-1.179816203052113,1
2488,3.1048442439465744,-1.0276779271253573,2
2489,3.2917549129337105,-0.861652622370988,2
2490,3.451174752977616,-0.7126193926780876,2
2491,3.650946217710706,-0.5623151616052542,2
2492,3.80766240458635,-0.3727371961752304,2
2493,3.977257590191079,-0.18905956275271074,1
2494,4.15821434296939,-0.016564189991789324,1
2495,4.32369677646424,0.17082728314565687,1
2496,4.482559788346741,0.363862366629516,1
2497,4.675471821838339,0.5228747791454469,0
2498,4.866301873516802,0.6843798607261665,0
2499,5.011209570174563,0.8880996669535983,0
2500,5.058087609091421,1.133665237560126,0
2501,5.035076864092828,1.3826039963234205,0
2502,4.962918910448381,1.6219640383643716,0
2503,4.842498844700628,1.8410507968992198,0
2504,4.762667713693852,2.0779621527312675,0
2505,4.6839479207454335,2.3152450939600002,0
2506,4.540873689675616,2.520256714127688,0
2507,4.362956097358499,2.6958851011956106,0
2508,4.225703526514845,2.9048389999312114,0
2509,4.065438390311213,3.0967115777468837,0
2510,3.9276324151342363,3.3053009188109046,0
2511,3.9702830301108967,3.4965650700311324,0
2512,3.9533909214372653,3.551154163730435,0
2513,3.8646566519870875,3.489453485317969,0
2514,3.769593485519309,3.2890140045355203,0
2515,3.5787576443504276,3.127515763909297,0
2516,3.408646698994868,2.955877761976341,0
2517,3.4617790336824177,2.8813046114539427,0
2518,3.387892626601487,3.0106156613546293,0
2519,3.3375073077521678,3.124332252029975,0
2520,3.2369536886730197,3.086941463429483,0
2521,3.07896356743571,3.089286741241868,0
2522,2.8787351246160338,3.1213439964837053,0
2523,2.659315345594053,3.170551579819977,0
2524,2.427032336326626,3.2319279470901643,0
2525,2.186906972976898,3.301447468574451,0
2526,1.9477995759495317,3.374438239818474,0
2527,1.7093288004946503,3.449482821594559,0
2528,1.4712038107724852,3.525617500091409,0
2529,1.2494469243846007,3.5969563119999552,0
2530,1.0365416495292805,3.6656390338890597,0
2531,0.827864470700296,3.732989451196431,0
2532,0.6720953754044344,3.7832565206649136,0
2533,0.5476097539452848,3.8234269212117535,0
2534,0.46329407205580186,3.850626736809794,0
2535,0.39452489120211304,3.8728098684512298,0
2536,0.31481900549864805,3.896374284076612,0
2537,0.2170090788665953,3.9516522409866894,0
2538,1.5308084989341915e-17,-3.75,1
2539,0.0030265536844757738,-3.5694143561160248,1
2540,-0.016190379539797163,-3.4157605671869145,1
2541,-0.02658638159695321,-3.322899461564349,1
2542,-0.09763296557664208,-3.30873845195388,1
2543,-0.20713268036903582,-3.317983894030365,1
2544,-0.3446663060909331,-3.352252239157613,2
2545,-0.47087914500993966,-3.3717845809399494,3
2546,-0.6094728570060782,-3.392085842966245,3
2547,-0.7200562633863457,-3.3514607226065865,3
2548,-0.8693356340819407,-3.3161487938737766,3
2549,-1.0152705997215317,-3.3524114975187524,2
2550,-1.2063745569194961,-3.384151261897742,2
2551,-1.3989361594267655,-3.375582457679423,2
2552,-1.5557580913396105,-3.3592864893677055,2
2553,-1.731673007105782,-3.366242004965184,2
2554,-1.8852446964999139,-3.3759652108369265,1
2555,-2.013205129888477,-3.449712470389495,1
2556,-2.12113108626538,-3.5982574596117924,1
2557,-2.2577866107397337,-3.714958451052835,1
2558,-2.3581197965932685,-3.761444457889718,0
2559,-2.428670261631669,-3.7517763447042394,0
2560,-2.473362190890923,-3.6942634435725235,0
2561,-2.494370119226402,-3.593396883832287,0
2562,-2.4951837002194805,-3.4565124632155304,0
2563,-2.5860920339356426,-3.2891179862429345,0
2564,-2.6436103259153256,-3.095694493365653,0
2565,-2.672673759189461,-2.881822560197291,0
2566,-2.6760117269442825,-2.6502988797737754,0
2567,-2.6563122474459755,-2.403815779416115,0
2568,-2.61921823732002,-2.156583025896733,0
2569,-2.4890905711832403,-1.9712538046601908,0
2570,-2.3597872988681425,-1.7634090426309628,0
2571,-2.17411621648418,-1.595998621311477,1
2572,-2.0082537767334996,-1.4089434126698788,1
2573,-1.779521756656997,-1.3080391858420475,1
2574,-1.5801251808369117,-1.1572379738070477,2
2575,-1.3713506191366998,-1.0197127674378719,3
2576,-1.1616177254013762,-0.8836535403145067,3
2577,-0.9676584467988885,-0.7259202266359989,4
2578,-0.7661446001645577,-0.5779601995522106,5
2579,-0.5492992258146435,-0.45354925299586607,5
2580,-0.37314324243182095,-0.27713149711478025,5
2581,-0.2798441959460342,-0.05291670572670215,6
